frame_id,time_sec,Hips_X,Hips_Y,Hips_Z,LeftUpperLeg_X,LeftUpperLeg_Y,LeftUpperLeg_Z,RightUpperLeg_X,RightUpperLeg_Y,RightUpperLeg_Z,LeftLowerLeg_X,LeftLowerLeg_Y,LeftLowerLeg_Z,RightLowerLeg_X,RightLowerLeg_Y,RightLowerLeg_Z,LeftFoot_X,LeftFoot_Y,LeftFoot_Z,RightFoot_X,RightFoot_Y,RightFoot_Z,Spine_X,Spine_Y,Spine_Z,Chest_X,Chest_Y,Chest_Z,Neck_X,Neck_Y,Neck_Z,Head_X,Head_Y,Head_Z,LeftShoulder_X,LeftShoulder_Y,LeftShoulder_Z,RightShoulder_X,RightShoulder_Y,RightShoulder_Z,LeftUpperArm_X,LeftUpperArm_Y,LeftUpperArm_Z,RightUpperArm_X,RightUpperArm_Y,RightUpperArm_Z,LeftLowerArm_X,LeftLowerArm_Y,LeftLowerArm_Z,RightLowerArm_X,RightLowerArm_Y,RightLowerArm_Z,LeftHand_X,LeftHand_Y,LeftHand_Z,RightHand_X,RightHand_Y,RightHand_Z,LeftToes_X,LeftToes_Y,LeftToes_Z,RightToes_X,RightToes_Y,RightToes_Z,LeftEye_X,LeftEye_Y,LeftEye_Z,RightEye_X,RightEye_Y,RightEye_Z,Jaw_X,Jaw_Y,Jaw_Z,LeftThumbProximal_X,LeftThumbProximal_Y,LeftThumbProximal_Z,LeftThumbIntermediate_X,LeftThumbIntermediate_Y,LeftThumbIntermediate_Z,LeftThumbDistal_X,LeftThumbDistal_Y,LeftThumbDistal_Z,LeftIndexProximal_X,LeftIndexProximal_Y,LeftIndexProximal_Z,LeftIndexIntermediate_X,LeftIndexIntermediate_Y,LeftIndexIntermediate_Z,LeftIndexDistal_X,LeftIndexDistal_Y,LeftIndexDistal_Z,LeftMiddleProximal_X,LeftMiddleProximal_Y,LeftMiddleProximal_Z,LeftMiddleIntermediate_X,LeftMiddleIntermediate_Y,LeftMiddleIntermediate_Z,LeftMiddleDistal_X,LeftMiddleDistal_Y,LeftMiddleDistal_Z,LeftRingProximal_X,LeftRingProximal_Y,LeftRingProximal_Z,LeftRingIntermediate_X,LeftRingIntermediate_Y,LeftRingIntermediate_Z,LeftRingDistal_X,LeftRingDistal_Y,LeftRingDistal_Z,LeftLittleProximal_X,LeftLittleProximal_Y,LeftLittleProximal_Z,LeftLittleIntermediate_X,LeftLittleIntermediate_Y,LeftLittleIntermediate_Z,LeftLittleDistal_X,LeftLittleDistal_Y,LeftLittleDistal_Z,RightThumbProximal_X,RightThumbProximal_Y,RightThumbProximal_Z,RightThumbIntermediate_X,RightThumbIntermediate_Y,RightThumbIntermediate_Z,RightThumbDistal_X,RightThumbDistal_Y,RightThumbDistal_Z,RightIndexProximal_X,RightIndexProximal_Y,RightIndexProximal_Z,RightIndexIntermediate_X,RightIndexIntermediate_Y,RightIndexIntermediate_Z,RightIndexDistal_X,RightIndexDistal_Y,RightIndexDistal_Z,RightMiddleProximal_X,RightMiddleProximal_Y,RightMiddleProximal_Z,RightMiddleIntermediate_X,RightMiddleIntermediate_Y,RightMiddleIntermediate_Z,RightMiddleDistal_X,RightMiddleDistal_Y,RightMiddleDistal_Z,RightRingProximal_X,RightRingProximal_Y,RightRingProximal_Z,RightRingIntermediate_X,RightRingIntermediate_Y,RightRingIntermediate_Z,RightRingDistal_X,RightRingDistal_Y,RightRingDistal_Z,RightLittleProximal_X,RightLittleProximal_Y,RightLittleProximal_Z,RightLittleIntermediate_X,RightLittleIntermediate_Y,RightLittleIntermediate_Z,RightLittleDistal_X,RightLittleDistal_Y,RightLittleDistal_Z,UpperChest_X,UpperChest_Y,UpperChest_Z
0,0.000,-0.094583,0.962815,-3.334229,-0.214271,0.963687,-3.341950,0.025105,0.961942,-3.326508,-0.285712,0.557803,-3.171695,0.026955,0.536323,-3.193549,-0.237624,0.269980,-3.468526,0.027226,0.129807,-3.283037,-0.093853,1.080038,-3.332293,-0.096512,1.293870,-3.316975,-0.086830,1.534308,-3.285437,-0.081822,1.630994,-3.247645,-0.124138,1.483555,-3.287891,-0.053445,1.481428,-3.293346,-0.261550,1.429713,-3.264425,0.080303,1.417715,-3.306474,-0.325118,1.146423,-3.274188,0.143227,1.133553,-3.315195,-0.345366,0.870578,-3.215411,0.167577,0.868547,-3.219594,-0.258605,0.097026,-3.426897,0.046063,0.045450,-3.126145,,,,,,,,,,-0.328273,0.857564,-3.202678,-0.302629,0.810763,-3.202822,-0.292496,0.776949,-3.209232,-0.326205,0.777304,-3.201453,-0.312753,0.745882,-3.215323,-0.299015,0.729063,-3.230725,-0.345404,0.776844,-3.218466,-0.333069,0.746848,-3.240643,-0.321626,0.732307,-3.259155,-0.361036,0.777863,-3.232700,-0.350311,0.749875,-3.255180,-0.339407,0.740113,-3.272870,-0.373369,0.784624,-3.249450,-0.363349,0.762001,-3.271032,-0.352355,0.753324,-3.288930,0.154990,0.859483,-3.200022,0.122354,0.818140,-3.191445,0.108977,0.785397,-3.197474,0.146814,0.780895,-3.185714,0.125833,0.750691,-3.188549,0.104112,0.737861,-3.197067,0.158757,0.775920,-3.207870,0.138064,0.743219,-3.214657,0.116376,0.735243,-3.226958,0.168462,0.773195,-3.226481,0.148755,0.742542,-3.235194,0.129206,0.741121,-3.247142,0.174687,0.776261,-3.247224,0.156120,0.750812,-3.256464,0.137275,0.743744,-3.267033,,,
1,0.033,-0.094583,0.962815,-3.334229,-0.214271,0.963687,-3.341950,0.025105,0.961942,-3.326508,-0.285712,0.557803,-3.171695,0.026955,0.536323,-3.193549,-0.237624,0.269980,-3.468526,0.027226,0.129807,-3.283037,-0.093853,1.080038,-3.332293,-0.096512,1.293870,-3.316975,-0.086830,1.534308,-3.285437,-0.081822,1.630994,-3.247645,-0.124138,1.483555,-3.287891,-0.053445,1.481428,-3.293346,-0.261550,1.429713,-3.264425,0.080303,1.417715,-3.306474,-0.325118,1.146423,-3.274188,0.143227,1.133553,-3.315195,-0.345366,0.870578,-3.215411,0.167577,0.868547,-3.219594,-0.258605,0.097026,-3.426897,0.046063,0.045450,-3.126145,,,,,,,,,,-0.328273,0.857564,-3.202678,-0.302629,0.810763,-3.202822,-0.292496,0.776949,-3.209232,-0.326205,0.777304,-3.201453,-0.312753,0.745882,-3.215323,-0.299015,0.729063,-3.230725,-0.345404,0.776844,-3.218466,-0.333069,0.746848,-3.240643,-0.321626,0.732307,-3.259155,-0.361036,0.777863,-3.232700,-0.350311,0.749875,-3.255180,-0.339407,0.740113,-3.272870,-0.373369,0.784624,-3.249450,-0.363349,0.762001,-3.271032,-0.352355,0.753324,-3.288930,0.154990,0.859483,-3.200022,0.122354,0.818140,-3.191445,0.108977,0.785397,-3.197474,0.146814,0.780895,-3.185714,0.125833,0.750691,-3.188549,0.104112,0.737861,-3.197067,0.158757,0.775920,-3.207870,0.138064,0.743219,-3.214657,0.116376,0.735243,-3.226958,0.168462,0.773195,-3.226481,0.148755,0.742542,-3.235194,0.129206,0.741121,-3.247142,0.174687,0.776261,-3.247224,0.156120,0.750812,-3.256464,0.137275,0.743744,-3.267033,,,
2,0.067,-0.103078,0.977732,-3.279686,-0.222908,0.978294,-3.284785,0.016752,0.977170,-3.274587,-0.285808,0.583153,-3.087960,0.017060,0.538613,-3.193960,-0.247609,0.235400,-3.313507,0.021636,0.131080,-3.278572,-0.102591,1.094963,-3.278221,-0.104136,1.308635,-3.260672,-0.096047,1.548945,-3.227741,-0.092664,1.645608,-3.189711,-0.133058,1.498009,-3.230839,-0.062305,1.496286,-3.235604,-0.270372,1.442803,-3.210134,0.072369,1.434139,-3.246612,-0.331345,1.161122,-3.246576,0.138959,1.150735,-3.240972,-0.361533,0.881162,-3.220768,0.151550,0.894239,-3.122601,-0.272471,0.080174,-3.227640,0.042393,0.046327,-3.122135,,,,,,,,,,-0.344782,0.866059,-3.210046,-0.318645,0.820207,-3.217949,-0.307510,0.788235,-3.229821,-0.341892,0.786995,-3.223762,-0.327973,0.757361,-3.240753,-0.313506,0.742402,-3.257358,-0.360444,0.789656,-3.241284,-0.347467,0.763043,-3.267112,-0.335378,0.751189,-3.287072,-0.375550,0.793263,-3.255665,-0.364583,0.768599,-3.281649,-0.353269,0.761275,-3.300236,-0.387327,0.802992,-3.271317,-0.376940,0.784475,-3.296360,-0.365559,0.779043,-3.315267,0.136731,0.888036,-3.103482,0.103081,0.848051,-3.092672,0.090249,0.814642,-3.095222,0.126495,0.812353,-3.078684,0.106304,0.781485,-3.078863,0.085803,0.766839,-3.087476,0.140892,0.804282,-3.098327,0.121104,0.770569,-3.102260,0.100952,0.760414,-3.115530,0.152670,0.798937,-3.115082,0.134286,0.766847,-3.121096,0.116265,0.763142,-3.134823,0.161271,0.798962,-3.135192,0.143991,0.772069,-3.142673,0.126558,0.763158,-3.154228,,,
3,0.100,-0.108731,0.988694,-3.236675,-0.228612,0.989632,-3.240305,0.011151,0.987756,-3.233044,-0.282801,0.597714,-3.034643,0.008963,0.542867,-3.203022,-0.249706,0.202846,-3.162109,0.015454,0.136608,-3.293440,-0.107903,1.105896,-3.233742,-0.109001,1.319469,-3.215004,-0.104995,1.559979,-3.182790,-0.104025,1.656782,-3.144979,-0.141231,1.508545,-3.186706,-0.070357,1.507747,-3.189521,-0.278919,1.452373,-3.171931,0.065607,1.447776,-3.195647,-0.336785,1.174458,-3.233608,0.141084,1.167407,-3.173739,-0.369713,0.893634,-3.230570,0.145298,0.921231,-3.034671,-0.278205,0.076371,-3.038506,0.036579,0.052702,-3.136597,,,,,,,,,,-0.353299,0.878344,-3.219596,-0.324101,0.834647,-3.228876,-0.309917,0.804464,-3.242101,-0.344862,0.801135,-3.239974,-0.327881,0.773428,-3.257426,-0.311063,0.760340,-3.273385,-0.361739,0.804615,-3.258983,-0.345100,0.780731,-3.285373,-0.330586,0.771027,-3.304874,-0.375547,0.808891,-3.274444,-0.361167,0.786780,-3.301054,-0.347863,0.781360,-3.318963,-0.386251,0.819524,-3.290279,-0.372750,0.803714,-3.315689,-0.359433,0.800428,-3.333810,0.128965,0.915224,-3.016761,0.094822,0.875131,-3.008113,0.082369,0.841609,-3.011045,0.117238,0.839890,-2.991565,0.097208,0.808952,-2.993049,0.077565,0.794111,-3.003190,0.133302,0.831612,-3.009778,0.113946,0.797813,-3.014933,0.095012,0.787459,-3.029752,0.146492,0.826085,-3.025382,0.128776,0.793826,-3.032405,0.111985,0.789842,-3.047543,0.156760,0.825842,-3.044693,0.140235,0.798761,-3.053138,0.123846,0.789607,-3.065960,,,
4,0.133,-0.112975,0.991307,-3.184160,-0.232876,0.991460,-3.187196,0.006927,0.991154,-3.181125,-0.274539,0.592113,-2.993241,0.007374,0.545296,-3.187649,-0.251670,0.176493,-2.993716,0.011863,0.142219,-3.291439,-0.112934,1.108470,-3.179855,-0.112655,1.321957,-3.160130,-0.113030,1.562582,-3.128540,-0.114286,1.659549,-3.091159,-0.148407,1.510645,-3.133524,-0.077473,1.510814,-3.133932,-0.286152,1.453282,-3.125317,0.060112,1.454329,-3.133905,-0.336979,1.180446,-3.211147,0.147127,1.179254,-3.094587,-0.369542,0.900267,-3.231008,0.138110,0.947785,-2.932410,-0.285040,0.087582,-2.841837,0.034063,0.058670,-3.134553,,,,,,,,,,-0.353706,0.884865,-3.219362,-0.321967,0.842893,-3.228251,-0.305251,0.814137,-3.241698,-0.340124,0.809484,-3.243463,-0.320449,0.783509,-3.260750,-0.301639,0.772022,-3.275684,-0.355131,0.813615,-3.263859,-0.334952,0.792041,-3.289764,-0.318154,0.784098,-3.308199,-0.367476,0.818415,-3.280368,-0.349624,0.798561,-3.306653,-0.334383,0.794754,-3.323396,-0.376959,0.829685,-3.296538,-0.360290,0.816006,-3.321297,-0.345065,0.814347,-3.338088,0.120004,0.942047,-2.916196,0.085768,0.901590,-2.909945,0.073767,0.867896,-2.912789,0.106793,0.867361,-2.889829,0.087097,0.836344,-2.893073,0.068803,0.821248,-2.905173,0.124894,0.858811,-2.905877,0.106437,0.824743,-2.912385,0.089372,0.813906,-2.929017,0.139807,0.853038,-2.919743,0.123055,0.820525,-2.927876,0.108051,0.816100,-2.944675,0.152139,0.852365,-2.937794,0.136541,0.825019,-2.947104,0.121565,0.815472,-2.961296,,,
5,0.167,-0.116246,0.985237,-3.134602,-0.236117,0.981847,-3.136870,0.003624,0.988626,-3.132334,-0.269167,0.587567,-2.931240,0.013567,0.543409,-3.155036,-0.263710,0.183104,-2.833039,0.014737,0.149623,-3.289925,-0.119656,1.102313,-3.129382,-0.116571,1.315771,-3.109595,-0.122207,1.556441,-3.078853,-0.125259,1.653563,-3.041980,-0.156487,1.503896,-3.084996,-0.085602,1.505271,-3.082722,-0.293794,1.444957,-3.082896,0.053358,1.452733,-3.075639,-0.333567,1.177680,-3.189531,0.152506,1.185608,-3.015659,-0.362358,0.899479,-3.231126,0.134237,0.968336,-2.835604,-0.299942,0.133646,-2.664732,0.036930,0.063476,-3.134450,,,,,,,,,,-0.347555,0.883834,-3.218487,-0.314073,0.842899,-3.225645,-0.295210,0.815099,-3.238237,-0.329665,0.809920,-3.244260,-0.307710,0.785065,-3.260410,-0.287157,0.774566,-3.273683,-0.342418,0.814733,-3.265996,-0.319070,0.794705,-3.290440,-0.300190,0.787893,-3.307240,-0.352970,0.820079,-3.283548,-0.331893,0.801800,-3.308555,-0.314824,0.799048,-3.323661,-0.360865,0.831923,-3.300155,-0.341222,0.819714,-3.323458,-0.324184,0.819110,-3.338486,0.114502,0.963222,-2.821181,0.080445,0.922447,-2.816138,0.068519,0.888644,-2.817724,0.099605,0.890091,-2.791557,0.080545,0.858770,-2.795586,0.063903,0.842911,-2.809022,0.119550,0.880961,-2.804866,0.102338,0.846265,-2.811466,0.087444,0.834214,-2.829305,0.136035,0.874665,-2.816555,0.120481,0.841563,-2.824690,0.107515,0.836050,-2.842813,0.150347,0.873128,-2.833022,0.135791,0.845189,-2.842260,0.122412,0.834728,-2.857372,,,
6,0.200,-0.119241,0.973460,-3.079235,-0.238982,0.966590,-3.079922,0.000500,0.980331,-3.078548,-0.266715,0.586083,-2.849102,0.019886,0.536889,-3.121157,-0.284769,0.200641,-2.692987,0.017918,0.155138,-3.287069,-0.125982,1.090368,-3.073499,-0.121534,1.303906,-3.054862,-0.131711,1.544616,-3.025640,-0.136024,1.641875,-2.989260,-0.164996,1.491527,-3.032529,-0.094242,1.493987,-3.028112,-0.302001,1.431926,-3.035504,0.044928,1.443451,-3.014041,-0.330790,1.170232,-3.158292,0.152732,1.185923,-2.931328,-0.355893,0.895428,-3.220000,0.126432,0.980973,-2.738288,-0.322884,0.191934,-2.518180,0.040357,0.065596,-3.133560,,,,,,,,,,-0.342226,0.879220,-3.206803,-0.307604,0.839048,-3.212768,-0.287192,0.812177,-3.224952,-0.320752,0.807044,-3.234680,-0.296562,0.783938,-3.250222,-0.274496,0.774918,-3.262078,-0.331302,0.812971,-3.257303,-0.305126,0.795023,-3.280463,-0.284491,0.789675,-3.295653,-0.340096,0.819212,-3.275517,-0.316052,0.803124,-3.299324,-0.297446,0.801757,-3.312706,-0.346434,0.831910,-3.292159,-0.324304,0.821476,-3.314053,-0.305834,0.822054,-3.327282,0.105535,0.976680,-2.725307,0.071966,0.935604,-2.719488,0.060439,0.901634,-2.718766,0.089369,0.906274,-2.690245,0.071236,0.874298,-2.693295,0.056211,0.856955,-2.706802,0.110651,0.896503,-2.700727,0.094820,0.860877,-2.705601,0.081928,0.846850,-2.723555,0.128282,0.889608,-2.710194,0.114071,0.855554,-2.716693,0.102964,0.848143,-2.735366,0.144105,0.886934,-2.725056,0.130773,0.857953,-2.732810,0.118940,0.845834,-2.747973,,,
7,0.233,-0.123119,0.958278,-3.020291,-0.242769,0.950072,-3.018835,-0.003469,0.966483,-3.021747,-0.267159,0.589966,-2.756992,0.020957,0.526460,-3.089687,-0.296993,0.214149,-2.580541,0.016983,0.158741,-3.284700,-0.131053,1.075081,-3.013999,-0.127661,1.288737,-2.996516,-0.139811,1.529518,-2.968664,-0.144786,1.626934,-2.932792,-0.172648,1.476191,-2.975867,-0.101997,1.479110,-2.970237,-0.309706,1.417066,-2.982986,0.036570,1.428803,-2.950524,-0.330696,1.159355,-3.115402,0.149369,1.180548,-2.848398,-0.354700,0.888856,-3.194202,0.119074,0.984266,-2.647112,-0.334885,0.239459,-2.407308,0.040672,0.067427,-3.132428,,,,,,,,,,-0.341778,0.871981,-3.181091,-0.306572,0.832325,-3.187084,-0.285099,0.806193,-3.199049,-0.318093,0.801554,-3.211531,-0.291740,0.781639,-3.227950,-0.268613,0.775224,-3.239473,-0.327240,0.808703,-3.234411,-0.298856,0.793863,-3.257169,-0.277088,0.790670,-3.271347,-0.334913,0.815924,-3.252768,-0.308439,0.802928,-3.275876,-0.288857,0.803470,-3.287849,-0.340280,0.829512,-3.269044,-0.316397,0.820965,-3.289889,-0.297042,0.822747,-3.301666,0.097601,0.980183,-2.635034,0.065245,0.938374,-2.627757,0.055347,0.904001,-2.624948,0.081899,0.912234,-2.595235,0.065131,0.879418,-2.596799,0.051597,0.860492,-2.609746,0.104113,0.902528,-2.603637,0.089989,0.865971,-2.606418,0.078763,0.850034,-2.623890,0.122519,0.895617,-2.611476,0.109967,0.860610,-2.616037,0.100299,0.851322,-2.634670,0.139296,0.892402,-2.625137,0.127433,0.862376,-2.631098,0.116928,0.848579,-2.645797,,,
8,0.267,-0.128069,0.944422,-2.958931,-0.247705,0.936463,-2.955852,-0.008433,0.952381,-2.962010,-0.271736,0.579168,-2.690153,0.016601,0.517715,-3.058300,-0.294922,0.203085,-2.513269,0.014447,0.164429,-3.278409,-0.135675,1.061240,-2.952504,-0.134387,1.274922,-2.935075,-0.147588,1.515629,-2.907055,-0.153509,1.613073,-2.871404,-0.180161,1.462256,-2.915069,-0.109655,1.465293,-2.907895,-0.316739,1.402694,-2.926477,0.028439,1.415751,-2.883486,-0.331341,1.145763,-3.061248,0.142907,1.173141,-2.770255,-0.354833,0.879271,-3.152819,0.114352,0.980143,-2.565568,-0.327832,0.224134,-2.338455,0.038682,0.067043,-3.130034,,,,,,,,,,-0.342052,0.861776,-3.140403,-0.306497,0.822686,-3.147876,-0.284685,0.797374,-3.160941,-0.317374,0.793230,-3.174167,-0.290264,0.775431,-3.191740,-0.266854,0.770624,-3.203473,-0.326142,0.801564,-3.196793,-0.296966,0.788883,-3.219851,-0.274850,0.787112,-3.233739,-0.333520,0.809732,-3.214871,-0.306191,0.798807,-3.238057,-0.286335,0.800519,-3.249454,-0.338669,0.824156,-3.230485,-0.314163,0.816976,-3.251122,-0.294528,0.819557,-3.262270,0.092625,0.976273,-2.553880,0.061245,0.934116,-2.544602,0.052538,0.899660,-2.539670,0.077575,0.910863,-2.509805,0.061777,0.877532,-2.509576,0.049202,0.857366,-2.521582,0.100314,0.901267,-2.516817,0.087385,0.864171,-2.517346,0.077205,0.846680,-2.533952,0.119151,0.894384,-2.523584,0.107724,0.858788,-2.526072,0.098929,0.847962,-2.544305,0.136443,0.890723,-2.536467,0.125604,0.860009,-2.540585,0.115953,0.844893,-2.554555,,,
9,0.300,-0.134031,0.932166,-2.894844,-0.253784,0.926206,-2.891808,-0.014278,0.938126,-2.897881,-0.275392,0.560450,-2.637665,0.006996,0.511213,-3.024867,-0.288497,0.177219,-2.475722,0.011606,0.172408,-3.266638,-0.139745,1.049188,-2.890495,-0.140936,1.263043,-2.875315,-0.156167,1.503849,-2.849252,-0.163963,1.601522,-2.814600,-0.188220,1.450259,-2.857887,-0.117975,1.453706,-2.848639,-0.323669,1.388749,-2.872084,0.019931,1.406071,-2.819773,-0.335417,1.129095,-3.001820,0.134927,1.164485,-2.704899,-0.359047,0.863367,-3.095552,0.114036,0.968182,-2.502441,-0.312249,0.160702,-2.298948,0.036814,0.062770,-3.127244,,,,,,,,,,-0.346201,0.845121,-3.084341,-0.311874,0.805602,-3.094727,-0.291328,0.780458,-3.109985,-0.324438,0.777454,-3.121692,-0.298450,0.759912,-3.141121,-0.275651,0.755162,-3.154023,-0.333880,0.786867,-3.143612,-0.305896,0.774406,-3.168216,-0.284360,0.772654,-3.182989,-0.341761,0.795904,-3.161054,-0.315567,0.785323,-3.185664,-0.296115,0.787052,-3.197736,-0.347177,0.811045,-3.175880,-0.323539,0.804035,-3.197562,-0.304221,0.806535,-3.209269,0.092354,0.964417,-2.490638,0.061853,0.922092,-2.479397,0.054295,0.887633,-2.472852,0.078549,0.900922,-2.443461,0.063637,0.867274,-2.441023,0.051555,0.846061,-2.451654,0.101515,0.891492,-2.449936,0.089548,0.854107,-2.448276,0.079828,0.835411,-2.463811,0.120521,0.884696,-2.456307,0.110102,0.848709,-2.456732,0.101652,0.836609,-2.474314,0.137936,0.880787,-2.468949,0.128184,0.849534,-2.471383,0.119121,0.833367,-2.484547,,,
10,0.333,-0.141154,0.922238,-2.827580,-0.261001,0.917670,-2.826475,-0.021306,0.926806,-2.828685,-0.277911,0.543090,-2.585152,-0.003744,0.511906,-2.991111,-0.283851,0.150643,-2.446539,0.012285,0.186139,-3.249727,-0.145591,1.039360,-2.824701,-0.149302,1.253456,-2.813981,-0.165447,1.494836,-2.794638,-0.175802,1.593088,-2.762378,-0.197204,1.440990,-2.802763,-0.127247,1.444784,-2.791654,-0.331864,1.378128,-2.818459,0.010301,1.398513,-2.759101,-0.345695,1.113602,-2.937725,0.122807,1.153500,-2.649124,-0.371567,0.844663,-3.021137,0.111003,0.948688,-2.454514,-0.306423,0.092971,-2.278461,0.038790,0.054994,-3.130628,,,,,,,,,,-0.358637,0.825898,-3.010924,-0.326277,0.785464,-3.023808,-0.307741,0.760020,-3.041017,-0.341359,0.758039,-3.050221,-0.317172,0.740029,-3.071464,-0.295384,0.734796,-3.085840,-0.351831,0.767998,-3.071420,-0.325692,0.754981,-3.097707,-0.305101,0.752750,-3.113711,-0.360483,0.777480,-3.088250,-0.336112,0.766429,-3.114473,-0.317363,0.767720,-3.127661,-0.366322,0.792956,-3.102561,-0.344118,0.785346,-3.125519,-0.325385,0.787287,-3.138239,0.089354,0.945052,-2.442608,0.059010,0.902827,-2.430599,0.052362,0.868283,-2.423536,0.075838,0.882320,-2.394342,0.061530,0.848621,-2.389842,0.049595,0.826687,-2.399085,0.098822,0.872854,-2.400699,0.087348,0.835434,-2.397285,0.077689,0.815951,-2.411859,0.117839,0.866013,-2.406990,0.108091,0.829852,-2.405886,0.099746,0.816899,-2.422901,0.135244,0.861947,-2.419596,0.126325,0.830386,-2.421078,0.117668,0.813650,-2.433796,,,
11,0.367,-0.150891,0.916103,-2.763315,-0.270777,0.912717,-2.764492,-0.031004,0.919489,-2.762139,-0.291809,0.542367,-2.517043,-0.005433,0.503726,-2.921260,-0.289351,0.136980,-2.422604,0.016012,0.204123,-3.209430,-0.154215,1.033288,-2.761788,-0.161046,1.247444,-2.754304,-0.174940,1.489408,-2.741675,-0.187356,1.588285,-2.712168,-0.207152,1.435679,-2.748705,-0.137289,1.439080,-2.736903,-0.342018,1.373194,-2.764134,-0.000423,1.392032,-2.702629,-0.364340,1.104009,-2.871051,0.106180,1.139122,-2.605387,-0.396969,0.831072,-2.937349,0.103343,0.921523,-2.424824,-0.312787,0.049279,-2.268185,0.043197,0.045006,-3.131784,,,,,,,,,,-0.383977,0.812586,-2.926713,-0.352457,0.771243,-2.938765,-0.334937,0.744993,-2.955827,-0.368582,0.742934,-2.963581,-0.345159,0.724051,-2.984920,-0.323862,0.718171,-2.999775,-0.379524,0.752133,-2.984886,-0.354140,0.737843,-3.011252,-0.333967,0.734791,-3.027647,-0.388531,0.761014,-3.001857,-0.364917,0.748636,-3.028180,-0.346488,0.749176,-3.041862,-0.394586,0.775953,-3.016641,-0.372815,0.766864,-3.039474,-0.354243,0.767846,-3.052536,0.081687,0.918178,-2.412846,0.050476,0.876449,-2.401335,0.042786,0.842026,-2.394757,0.067050,0.854983,-2.365519,0.052415,0.821528,-2.360307,0.040019,0.799629,-2.369010,0.089779,0.845113,-2.372169,0.077781,0.807891,-2.368405,0.067615,0.788427,-2.382658,0.108601,0.837953,-2.378685,0.098438,0.801912,-2.377393,0.089757,0.789007,-2.394276,0.125837,0.833705,-2.391463,0.116610,0.802244,-2.393148,0.107717,0.785629,-2.405862,,,
12,0.400,-0.162125,0.913429,-2.702165,-0.281997,0.910658,-2.705087,-0.042253,0.916201,-2.699243,-0.312316,0.553715,-2.439559,0.005744,0.486612,-2.808707,-0.296626,0.138259,-2.419231,0.024394,0.229961,-3.135886,-0.164839,1.030639,-2.701981,-0.172320,1.244827,-2.696201,-0.186256,1.486954,-2.687313,-0.199972,1.586166,-2.659558,-0.218467,1.433115,-2.693444,-0.148582,1.436716,-2.681830,-0.353131,1.369576,-2.706092,-0.011658,1.389599,-2.647886,-0.384449,1.096056,-2.798807,0.093067,1.128813,-2.571685,-0.421712,0.819145,-2.842244,0.102983,0.896171,-2.411248,-0.322679,0.050839,-2.265071,0.042831,0.051974,-3.127711,,,,,,,,,,-0.408708,0.801757,-2.829907,-0.377695,0.759086,-2.837988,-0.361184,0.731223,-2.853422,-0.394408,0.728481,-2.859464,-0.371678,0.707276,-2.879322,-0.350808,0.699656,-2.893991,-0.405593,0.735495,-2.881463,-0.380690,0.718308,-2.906526,-0.360775,0.713383,-2.922782,-0.414782,0.742629,-2.899146,-0.391764,0.727206,-2.924367,-0.373573,0.726036,-2.938324,-0.420939,0.755989,-2.915332,-0.399258,0.744077,-2.936918,-0.380680,0.743288,-2.949985,0.081659,0.892197,-2.398873,0.050724,0.849914,-2.388717,0.042611,0.815330,-2.383664,0.068246,0.826602,-2.354545,0.053909,0.792877,-2.350344,0.041322,0.771311,-2.359588,0.090773,0.817099,-2.362324,0.079064,0.779688,-2.359682,0.068529,0.760701,-2.374305,0.109401,0.810295,-2.369721,0.099364,0.774196,-2.369814,0.090227,0.762036,-2.387007,0.126275,0.806728,-2.383172,0.117069,0.775356,-2.386143,0.107861,0.759324,-2.399371,,,
13,0.433,-0.172501,0.914959,-2.642271,-0.292323,0.912687,-2.647068,-0.052678,0.917232,-2.637475,-0.327029,0.552329,-2.386741,0.013355,0.477643,-2.672603,-0.301084,0.137911,-2.415869,0.027336,0.269116,-3.032582,-0.174685,1.032177,-2.643229,-0.181334,1.246414,-2.638347,-0.194604,1.488612,-2.630412,-0.208820,1.587830,-2.602933,-0.227009,1.434821,-2.635918,-0.156985,1.438310,-2.625140,-0.361530,1.370387,-2.645072,-0.019837,1.390460,-2.593184,-0.402112,1.092887,-2.720812,0.080805,1.122814,-2.538225,-0.441992,0.813378,-2.736274,0.099144,0.877521,-2.398742,-0.328658,0.050554,-2.261939,0.046820,0.095651,-3.072788,,,,,,,,,,-0.429221,0.797140,-2.722244,-0.399285,0.753113,-2.725924,-0.384558,0.723572,-2.739979,-0.416965,0.720748,-2.743733,-0.395434,0.696563,-2.761397,-0.375169,0.686501,-2.775429,-0.428280,0.725577,-2.766248,-0.404210,0.705016,-2.789521,-0.384676,0.697755,-2.805356,-0.437539,0.730950,-2.784507,-0.415619,0.711871,-2.808156,-0.397787,0.708418,-2.822200,-0.443607,0.742601,-2.801994,-0.422321,0.727621,-2.822005,-0.403824,0.724746,-2.834893,0.078172,0.872795,-2.386035,0.047315,0.830033,-2.377838,0.039553,0.795121,-2.374964,0.065706,0.804403,-2.345851,0.051304,0.770505,-2.343840,0.038375,0.749745,-2.354367,0.087941,0.795368,-2.354919,0.076240,0.757866,-2.354403,0.065235,0.739878,-2.369915,0.106305,0.789013,-2.363309,0.096092,0.753037,-2.365599,0.086401,0.742113,-2.383311,0.122756,0.786304,-2.377466,0.113379,0.755187,-2.382118,0.103733,0.740019,-2.396035,,,
14,0.467,-0.181479,0.919868,-2.583952,-0.301177,0.918292,-2.591384,-0.061779,0.921444,-2.576520,-0.336642,0.546390,-2.347942,0.007943,0.482812,-2.536852,-0.305025,0.136071,-2.410408,0.020316,0.296947,-2.909095,-0.182898,1.037084,-2.585939,-0.188060,1.251372,-2.581478,-0.198635,1.493642,-2.571879,-0.211770,1.592757,-2.543504,-0.231734,1.440207,-2.576676,-0.161383,1.442940,-2.568017,-0.366323,1.375461,-2.581712,-0.023798,1.393651,-2.540426,-0.414946,1.094620,-2.637869,0.069413,1.120674,-2.500692,-0.455547,0.815250,-2.621780,0.096526,0.865556,-2.381778,-0.334469,0.049198,-2.256550,0.057907,0.127330,-2.952718,,,,,,,,,,-0.442854,0.800219,-2.606397,-0.413751,0.755487,-2.606148,-0.400311,0.724531,-2.618322,-0.432258,0.721879,-2.620473,-0.411813,0.695227,-2.635712,-0.392120,0.683027,-2.648834,-0.443821,0.724702,-2.643202,-0.420728,0.701165,-2.664566,-0.401677,0.691749,-2.679847,-0.453256,0.728442,-2.661776,-0.432313,0.706346,-2.683614,-0.414845,0.700916,-2.697489,-0.459380,0.738445,-2.680238,-0.438730,0.721084,-2.698949,-0.420506,0.716540,-2.711745,0.075873,0.859936,-2.368915,0.045152,0.816699,-2.363018,0.038601,0.781423,-2.362739,0.064295,0.788845,-2.333423,0.049840,0.754911,-2.333780,0.036623,0.735078,-2.345650,0.086277,0.780480,-2.343675,0.074533,0.743039,-2.345653,0.063125,0.726274,-2.362209,0.104411,0.774740,-2.352960,0.094109,0.739022,-2.357646,0.083978,0.729437,-2.375879,0.120495,0.773049,-2.367686,0.111191,0.742248,-2.374209,0.101294,0.727989,-2.388890,,,
15,0.500,-0.188374,0.928353,-2.526875,-0.307918,0.927520,-2.536575,-0.068829,0.929186,-2.517176,-0.339087,0.537999,-2.321784,-0.002288,0.501724,-2.409096,-0.306869,0.131724,-2.406437,0.007381,0.300166,-2.773162,-0.188958,1.045558,-2.529737,-0.192610,1.259878,-2.525325,-0.200379,1.502145,-2.513271,-0.210925,1.601203,-2.483645,-0.234184,1.449058,-2.516857,-0.163469,1.451072,-2.511659,-0.368810,1.384218,-2.515140,-0.025180,1.400245,-2.491338,-0.422638,1.100776,-2.549095,0.060998,1.123213,-2.466628,-0.458978,0.824895,-2.498849,0.100451,0.860742,-2.369094,-0.337323,0.044498,-2.252976,0.051610,0.128060,-2.795732,,,,,,,,,,-0.445672,0.811493,-2.482510,-0.416999,0.766649,-2.478654,-0.404433,0.734334,-2.487873,-0.436499,0.731925,-2.488205,-0.417096,0.703268,-2.500968,-0.398164,0.689220,-2.513340,-0.449152,0.732361,-2.510521,-0.427462,0.706101,-2.530108,-0.409321,0.694640,-2.545096,-0.459465,0.734142,-2.528918,-0.439670,0.709643,-2.549210,-0.422903,0.702611,-2.563229,-0.466408,0.742110,-2.548067,-0.446920,0.722714,-2.566010,-0.429447,0.716736,-2.579255,0.080723,0.853790,-2.355452,0.051007,0.809685,-2.351015,0.045904,0.774246,-2.353345,0.072340,0.780012,-2.324887,0.058495,0.745863,-2.326534,0.044850,0.726574,-2.338811,0.093743,0.772846,-2.337087,0.082328,0.735473,-2.341158,0.070083,0.719827,-2.358203,0.111332,0.768156,-2.347887,0.101382,0.732637,-2.354469,0.090281,0.724160,-2.372686,0.126479,0.767877,-2.363663,0.117523,0.737429,-2.372062,0.107098,0.724111,-2.387252,,,
16,0.533,-0.192187,0.939227,-2.471002,-0.311648,0.939125,-2.481708,-0.072726,0.939329,-2.460297,-0.334169,0.530852,-2.303835,-0.008079,0.530286,-2.294956,-0.306113,0.127310,-2.401967,-0.006372,0.291940,-2.636207,-0.191976,1.056417,-2.474469,-0.194689,1.270753,-2.470165,-0.200477,1.513014,-2.456935,-0.208011,1.612037,-2.426289,-0.234714,1.460116,-2.458802,-0.163809,1.461746,-2.457540,-0.369334,1.396075,-2.448429,-0.025038,1.409507,-2.445962,-0.426003,1.111367,-2.459368,0.055871,1.129847,-2.440682,-0.450543,0.842782,-2.374426,0.107804,0.861630,-2.367726,-0.335780,0.040123,-2.248330,0.029009,0.116492,-2.628981,,,,,,,,,,-0.435797,0.831437,-2.357768,-0.406852,0.787150,-2.350786,-0.394532,0.753885,-2.356156,-0.427107,0.751701,-2.354005,-0.408537,0.721638,-2.364588,-0.390566,0.706117,-2.376627,-0.441733,0.749415,-2.374959,-0.421739,0.720768,-2.392941,-0.404948,0.707402,-2.407925,-0.453674,0.748939,-2.392429,-0.435309,0.722417,-2.411484,-0.419711,0.713957,-2.426053,-0.462334,0.754466,-2.411738,-0.444617,0.732894,-2.429021,-0.428474,0.725270,-2.443084,0.089873,0.853028,-2.352623,0.061291,0.808106,-2.349017,0.056408,0.772936,-2.354175,0.085808,0.776553,-2.328484,0.072647,0.742183,-2.330953,0.057998,0.723411,-2.342868,0.105702,0.771001,-2.343705,0.094279,0.733891,-2.349702,0.080255,0.719506,-2.366487,0.121950,0.767703,-2.356863,0.111956,0.732581,-2.365255,0.098940,0.725342,-2.382723,0.135150,0.769214,-2.374237,0.125929,0.739416,-2.384477,0.114122,0.727269,-2.399637,,,
17,0.567,-0.192221,0.951643,-2.415214,-0.311636,0.952367,-2.426395,-0.072805,0.950919,-2.404032,-0.326680,0.527998,-2.290317,-0.014380,0.563742,-2.190695,-0.304398,0.126679,-2.398531,-0.018089,0.281109,-2.496258,-0.191155,1.068819,-2.419004,-0.194286,1.283165,-2.415612,-0.197518,1.525493,-2.402749,-0.202122,1.624498,-2.371470,-0.232213,1.472862,-2.402720,-0.161326,1.473938,-2.405093,-0.366838,1.410808,-2.383826,-0.022821,1.419859,-2.401624,-0.426223,1.126659,-2.372764,0.052021,1.138877,-2.416828,-0.433175,0.869911,-2.254498,0.109892,0.866416,-2.368079,-0.333025,0.039905,-2.244463,0.009531,0.110731,-2.448354,,,,,,,,,,-0.416390,0.860846,-2.238382,-0.386046,0.817904,-2.229262,-0.372686,0.784638,-2.230685,-0.405904,0.782283,-2.225520,-0.387839,0.751294,-2.234120,-0.370906,0.734523,-2.245986,-0.422828,0.777277,-2.244142,-0.404492,0.746620,-2.260502,-0.389284,0.731492,-2.275501,-0.436712,0.774522,-2.259879,-0.419953,0.746069,-2.277580,-0.405898,0.736077,-2.292737,-0.447659,0.777492,-2.278580,-0.431875,0.753818,-2.294963,-0.417432,0.744441,-2.309794,0.093846,0.856630,-2.351635,0.064560,0.812112,-2.348726,0.057837,0.777765,-2.356628,0.090547,0.778155,-2.334947,0.076476,0.744257,-2.338619,0.059945,0.726778,-2.350028,0.108066,0.773841,-2.353188,0.094848,0.737694,-2.361076,0.078284,0.725242,-2.377074,0.122318,0.771623,-2.368679,0.110476,0.737574,-2.378891,0.095092,0.732189,-2.395054,0.133148,0.774681,-2.387435,0.122031,0.746151,-2.399280,0.108124,0.735645,-2.413874,,,
18,0.600,-0.191671,0.962854,-2.358738,-0.311002,0.964423,-2.370707,-0.072340,0.961285,-2.346769,-0.318533,0.527466,-2.282137,-0.020384,0.597743,-2.093844,-0.302157,0.128424,-2.399442,-0.025349,0.267317,-2.346940,-0.189759,1.080021,-2.362444,-0.193221,1.294368,-2.359440,-0.193164,1.536718,-2.346570,-0.194712,1.635620,-2.314674,-0.228398,1.484473,-2.344872,-0.157695,1.484765,-2.350596,-0.362858,1.424792,-2.318600,-0.020064,1.428535,-2.354597,-0.425274,1.142781,-2.287558,0.047815,1.147681,-2.390615,-0.407946,0.902714,-2.139156,0.106622,0.872298,-2.364807,-0.329561,0.040887,-2.245584,0.000270,0.116026,-2.254523,,,,,,,,,,-0.388836,0.896331,-2.124402,-0.355389,0.855988,-2.114312,-0.339967,0.823618,-2.113105,-0.372739,0.820393,-2.103862,-0.354123,0.789256,-2.110534,-0.337778,0.771722,-2.122120,-0.391563,0.812509,-2.119411,-0.373807,0.780667,-2.134058,-0.359779,0.764282,-2.148885,-0.407133,0.807325,-2.132778,-0.391298,0.777325,-2.148683,-0.378718,0.765882,-2.164109,-0.420461,0.807561,-2.150118,-0.405735,0.782489,-2.165366,-0.392817,0.771777,-2.180692,0.091991,0.861677,-2.347580,0.060438,0.818686,-2.345540,0.050680,0.785763,-2.355942,0.085608,0.782156,-2.338448,0.069142,0.749571,-2.343701,0.050350,0.734238,-2.354689,0.100585,0.778889,-2.359022,0.084234,0.744512,-2.368742,0.065155,0.734696,-2.383739,0.112777,0.777582,-2.376275,0.097671,0.745455,-2.388254,0.080201,0.742605,-2.402870,0.121538,0.782038,-2.395815,0.107409,0.755481,-2.408966,0.091301,0.747248,-2.422733,,,
19,0.633,-0.191285,0.969828,-2.303482,-0.310507,0.972137,-2.316376,-0.072062,0.967519,-2.290587,-0.310076,0.528097,-2.275624,-0.025403,0.626715,-2.006847,-0.300105,0.131335,-2.401098,-0.028743,0.252238,-2.188559,-0.188683,1.087000,-2.306556,-0.192407,1.301318,-2.302081,-0.188587,1.543539,-2.287484,-0.187180,1.642187,-2.254802,-0.224391,1.491737,-2.284571,-0.154021,1.491169,-2.293481,-0.358478,1.434429,-2.251890,-0.017580,1.433115,-2.305056,-0.425350,1.155827,-2.203944,0.042778,1.154131,-2.362575,-0.375765,0.937438,-2.031309,0.098819,0.877010,-2.357687,-0.326157,0.043382,-2.247242,-0.001111,0.132887,-2.057877,,,,,,,,,,-0.354796,0.933997,-2.018191,-0.318128,0.896926,-2.006824,-0.300469,0.865933,-2.002980,-0.332094,0.862420,-1.989750,-0.312425,0.831500,-1.993954,-0.296336,0.813198,-2.004679,-0.352031,0.851647,-2.001781,-0.334093,0.818821,-2.013799,-0.320787,0.801090,-2.027714,-0.368656,0.843989,-2.012409,-0.353002,0.812593,-2.025561,-0.341545,0.799496,-2.040539,-0.383815,0.841237,-2.027934,-0.369454,0.814844,-2.041170,-0.357708,0.802578,-2.056270,0.085031,0.865379,-2.340418,0.051138,0.824159,-2.340035,0.038561,0.793122,-2.352915,0.074483,0.785790,-2.339020,0.055512,0.754998,-2.346265,0.034914,0.742100,-2.357143,0.087475,0.783978,-2.361070,0.068194,0.751833,-2.372841,0.047350,0.744797,-2.387029,0.098092,0.783901,-2.379380,0.079954,0.754200,-2.393262,0.061180,0.753969,-2.406470,0.105468,0.789974,-2.399055,0.088620,0.765803,-2.413538,0.070917,0.760010,-2.426570,,,
20,0.667,-0.189791,0.972707,-2.248892,-0.308940,0.975720,-2.262301,-0.070641,0.969694,-2.235483,-0.304945,0.529838,-2.264688,-0.034207,0.643524,-1.933624,-0.298318,0.137024,-2.402226,-0.027159,0.237547,-2.025254,-0.186624,1.089892,-2.250698,-0.191295,1.304128,-2.243840,-0.183040,1.546065,-2.226607,-0.179224,1.644364,-2.193079,-0.219504,1.494785,-2.222783,-0.149589,1.493251,-2.234669,-0.353070,1.439957,-2.184242,-0.014591,1.433858,-2.253862,-0.425944,1.166008,-2.120753,0.037122,1.158271,-2.332355,-0.342014,0.971464,-1.933501,0.088019,0.880453,-2.346033,-0.322997,0.048586,-2.248422,0.001162,0.150730,-1.871154,,,,,,,,,,-0.319715,0.970624,-1.922289,-0.280722,0.936649,-1.909131,-0.261296,0.907285,-1.902233,-0.291589,0.905063,-1.885436,-0.271266,0.874312,-1.886844,-0.255658,0.854900,-1.896247,-0.312217,0.892075,-1.893440,-0.294256,0.858156,-1.901844,-0.281689,0.838706,-1.914046,-0.329528,0.882456,-1.900909,-0.314086,0.849663,-1.910392,-0.303688,0.834544,-1.924190,-0.346060,0.876918,-1.914115,-0.331960,0.849055,-1.924253,-0.321224,0.834738,-1.938262,0.074947,0.867476,-2.329170,0.039377,0.827725,-2.330799,0.024533,0.798789,-2.345955,0.061024,0.788662,-2.335665,0.040006,0.759812,-2.344964,0.018084,0.749190,-2.355714,0.072382,0.788851,-2.358670,0.050846,0.759043,-2.372499,0.028775,0.754511,-2.385827,0.081707,0.790432,-2.377605,0.061195,0.763274,-2.393274,0.041553,0.765303,-2.404980,0.087978,0.798391,-2.396989,0.068949,0.776696,-2.412644,0.050087,0.773102,-2.424813,,,
21,0.700,-0.188095,0.972260,-2.192496,-0.307081,0.977743,-2.206564,-0.069109,0.966776,-2.178427,-0.305025,0.534274,-2.253079,-0.048538,0.636621,-1.879418,-0.299142,0.146061,-2.403144,-0.024675,0.221187,-1.868995,-0.182702,1.089377,-2.192456,-0.189699,1.303491,-2.183954,-0.176282,1.544974,-2.163845,-0.170645,1.642837,-2.129312,-0.213522,1.494315,-2.159301,-0.144153,1.491681,-2.173888,-0.346377,1.442051,-2.115150,-0.010903,1.431082,-2.200204,-0.425991,1.174388,-2.035103,0.030785,1.159731,-2.297230,-0.312361,1.001531,-1.842323,0.075227,0.882088,-2.327229,-0.322434,0.055772,-2.250202,0.003315,0.169462,-1.699799,,,,,,,,,,-0.289141,1.002747,-1.833216,-0.248334,0.971749,-1.818317,-0.227263,0.944419,-1.808509,-0.256297,0.944403,-1.788889,-0.235509,0.914002,-1.786824,-0.220338,0.893377,-1.794120,-0.277240,0.930092,-1.792742,-0.259219,0.895413,-1.796779,-0.247247,0.874281,-1.806537,-0.294913,0.919222,-1.796922,-0.279574,0.885428,-1.802065,-0.270050,0.868278,-1.813993,-0.312417,0.911438,-1.807477,-0.298380,0.882467,-1.813926,-0.288422,0.866122,-1.826181,0.062973,0.867757,-2.310856,0.025964,0.829427,-2.313878,0.008845,0.802676,-2.330573,0.045766,0.790512,-2.324452,0.022752,0.763768,-2.335207,-0.000385,0.755336,-2.345333,0.055396,0.792839,-2.348119,0.031752,0.765413,-2.363362,0.008607,0.763065,-2.375368,0.063350,0.796171,-2.367449,0.040589,0.771602,-2.384247,0.020225,0.775552,-2.394077,0.068458,0.805976,-2.386321,0.047449,0.786657,-2.402545,0.027592,0.784875,-2.413468,,,
22,0.733,-0.186725,0.967704,-2.133892,-0.305464,0.975425,-2.148960,-0.067986,0.959983,-2.118825,-0.306733,0.536945,-2.229990,-0.057175,0.610371,-1.842262,-0.300142,0.158174,-2.402479,-0.025142,0.205990,-1.748914,-0.179389,1.084697,-2.131749,-0.187707,1.298728,-2.122424,-0.170646,1.539823,-2.100488,-0.163989,1.637374,-2.065261,-0.208381,1.489590,-2.095337,-0.139500,1.486232,-2.111946,-0.339858,1.438213,-2.046288,-0.007708,1.425282,-2.144136,-0.425053,1.177961,-1.949334,0.025209,1.158050,-2.254985,-0.284545,1.025113,-1.757370,0.064372,0.881280,-2.297705,-0.322760,0.064890,-2.251242,0.001505,0.190610,-1.572450,,,,,,,,,,-0.261050,1.028306,-1.749534,-0.218919,1.001073,-1.731332,-0.196176,0.976712,-1.718046,-0.225078,0.978888,-1.697462,-0.203374,0.949874,-1.690552,-0.187796,0.928636,-1.694438,-0.245758,0.963714,-1.698031,-0.226911,0.929281,-1.696346,-0.214637,0.907004,-1.702526,-0.263276,0.951942,-1.699627,-0.247204,0.918101,-1.699152,-0.237589,0.899290,-1.708141,-0.280938,0.942149,-1.708025,-0.266251,0.912839,-1.709813,-0.256199,0.894837,-1.719372,0.052877,0.865819,-2.281817,0.014619,0.828797,-2.285519,-0.004529,0.804043,-2.303068,0.032457,0.790544,-2.300906,0.007656,0.765763,-2.312368,-0.016467,0.759163,-2.321505,0.040465,0.794774,-2.324912,0.014966,0.769484,-2.340843,-0.009015,0.768860,-2.351323,0.047136,0.799652,-2.344398,0.022396,0.777398,-2.361617,0.001531,0.782806,-2.369514,0.051195,0.811000,-2.362650,0.028445,0.793748,-2.378854,0.007797,0.793407,-2.388360,,,
23,0.767,-0.186460,0.958394,-2.072501,-0.305055,0.967224,-2.088085,-0.067865,0.949564,-2.056917,-0.303705,0.539184,-2.213033,-0.055293,0.569871,-1.823447,-0.301443,0.165791,-2.396981,-0.029202,0.187099,-1.661991,-0.178326,1.075273,-2.068172,-0.184889,1.289284,-2.057130,-0.166266,1.530137,-2.033854,-0.159123,1.627562,-1.998374,-0.204163,1.480056,-2.028424,-0.135580,1.476474,-2.046181,-0.334459,1.428657,-1.976341,-0.004797,1.415966,-2.082989,-0.423933,1.175852,-1.864654,0.021477,1.152006,-2.203067,-0.264374,1.037414,-1.676689,0.057200,0.876519,-2.255898,-0.322997,0.069370,-2.247567,-0.009038,0.188463,-1.484008,,,,,,,,,,-0.241039,1.042811,-1.669618,-0.197712,1.020591,-1.647778,-0.173185,1.000242,-1.631300,-0.202838,1.003628,-1.610856,-0.179727,0.977472,-1.598927,-0.162981,0.956774,-1.598997,-0.222817,0.987647,-1.608927,-0.202424,0.954897,-1.601492,-0.189087,0.932499,-1.603846,-0.239790,0.975007,-1.608561,-0.222236,0.942481,-1.602420,-0.211734,0.922881,-1.608133,-0.257002,0.963267,-1.615217,-0.241098,0.934693,-1.612291,-0.230272,0.915814,-1.618840,0.046364,0.859899,-2.240732,0.007368,0.823759,-2.245337,-0.013209,0.800762,-2.263642,0.023699,0.786747,-2.264873,-0.002260,0.763499,-2.276963,-0.027002,0.758146,-2.285220,0.030419,0.792904,-2.288857,0.003708,0.769343,-2.305441,-0.020814,0.769890,-2.314590,0.036067,0.799339,-2.308214,0.009991,0.778966,-2.325788,-0.011188,0.785299,-2.331977,0.039280,0.812145,-2.325652,0.015269,0.796631,-2.341795,-0.005922,0.797422,-2.349987,,,
24,0.800,-0.183087,0.944136,-2.013896,-0.301756,0.952310,-2.029274,-0.064418,0.935962,-1.998519,-0.295911,0.536111,-2.189202,-0.054991,0.557492,-1.762926,-0.301804,0.175681,-2.397334,-0.033710,0.170350,-1.611493,-0.175622,1.061051,-2.009356,-0.180271,1.275045,-1.997075,-0.160717,1.515690,-1.972450,-0.152954,1.613074,-1.936988,-0.198715,1.465688,-1.966999,-0.130303,1.462015,-1.985385,-0.328812,1.415031,-1.913705,-0.000369,1.401487,-2.025056,-0.420963,1.167421,-1.792928,0.021793,1.139084,-2.149303,-0.254020,1.034562,-1.607364,0.055749,0.864904,-2.209572,-0.322444,0.069456,-2.254588,-0.013838,0.158413,-1.433873,,,,,,,,,,-0.230873,1.041644,-1.601226,-0.186381,1.023640,-1.577895,-0.161196,1.005764,-1.559639,-0.190367,1.010322,-1.539373,-0.166152,0.985982,-1.525888,-0.148760,0.965864,-1.524644,-0.209601,0.993781,-1.535537,-0.187733,0.962676,-1.525638,-0.173525,0.940702,-1.526259,-0.225995,0.980528,-1.533639,-0.206945,0.949448,-1.524987,-0.195708,0.929864,-1.529151,-0.242741,0.967445,-1.538814,-0.225449,0.940067,-1.533391,-0.213814,0.921158,-1.538244,0.045138,0.847191,-2.195526,0.005478,0.812059,-2.201913,-0.016040,0.790933,-2.221356,0.020637,0.776641,-2.225021,-0.006012,0.754819,-2.238221,-0.031062,0.750467,-2.246127,0.026703,0.784728,-2.248602,-0.000705,0.762865,-2.266333,-0.025467,0.764372,-2.274693,0.031846,0.792714,-2.267518,0.005005,0.774191,-2.285967,-0.016261,0.781240,-2.290969,0.034711,0.806914,-2.283905,0.010057,0.793036,-2.300561,-0.011348,0.794661,-2.308041,,,
25,0.833,-0.178538,0.931064,-1.954529,-0.297480,0.936195,-1.969093,-0.059596,0.925934,-1.939965,-0.286244,0.526697,-2.145211,-0.055468,0.563972,-1.679582,-0.299170,0.185702,-2.383579,-0.037687,0.162732,-1.570247,-0.173769,1.048186,-1.952215,-0.176769,1.262257,-1.940797,-0.155758,1.502816,-1.916528,-0.146663,1.600306,-1.881680,-0.194012,1.453033,-1.910853,-0.125703,1.448957,-1.929537,-0.324615,1.403951,-1.857326,0.003267,1.386842,-1.969896,-0.420095,1.156957,-1.737882,0.024942,1.122966,-2.091071,-0.258806,1.021348,-1.549331,0.058688,0.848866,-2.151822,-0.321044,0.062819,-2.255098,-0.013935,0.120618,-1.397770,,,,,,,,,,-0.235778,1.028653,-1.543006,-0.191570,1.011331,-1.518643,-0.167647,0.992971,-1.499206,-0.196076,0.998825,-1.479906,-0.172198,0.973997,-1.466713,-0.155144,0.953579,-1.465693,-0.215303,0.982293,-1.475999,-0.193538,0.951141,-1.466020,-0.179396,0.929123,-1.466583,-0.231674,0.969019,-1.474058,-0.212641,0.937985,-1.465202,-0.201375,0.918395,-1.469249,-0.248294,0.955761,-1.479197,-0.230764,0.928646,-1.473240,-0.218885,0.909795,-1.477710,0.047719,0.830584,-2.138819,0.007487,0.796558,-2.147278,-0.014476,0.776820,-2.167660,0.022126,0.762228,-2.172287,-0.004787,0.741637,-2.186857,-0.029847,0.738130,-2.195143,0.028422,0.771514,-2.195360,0.000877,0.751014,-2.214456,-0.023802,0.753259,-2.222895,0.033775,0.780453,-2.213784,0.006829,0.763337,-2.233402,-0.014313,0.770905,-2.238165,0.036948,0.795494,-2.229343,0.012169,0.782867,-2.246790,-0.009179,0.785111,-2.254274,,,
26,0.867,-0.174396,0.922147,-1.891649,-0.293517,0.925424,-1.905259,-0.055276,0.918870,-1.878040,-0.288932,0.514420,-2.078138,-0.046828,0.565952,-1.605624,-0.295076,0.204397,-2.355828,-0.039042,0.153731,-1.548384,-0.171354,1.039339,-1.890063,-0.172066,1.253494,-1.879931,-0.151510,1.494387,-1.858786,-0.139951,1.592056,-1.825191,-0.189584,1.444579,-1.852200,-0.121414,1.440449,-1.871369,-0.320183,1.396138,-1.798081,0.006846,1.376768,-1.911549,-0.415908,1.143928,-1.690301,0.034788,1.108703,-2.021751,-0.268430,0.998535,-1.497775,0.073293,0.833291,-2.072991,-0.322594,0.056051,-2.259277,-0.019632,0.085495,-1.383904,,,,,,,,,,-0.245928,1.005606,-1.489574,-0.203638,0.987509,-1.462517,-0.182544,0.967440,-1.441555,-0.210986,0.973946,-1.424580,-0.188228,0.948589,-1.410447,-0.171372,0.928046,-1.408816,-0.230454,0.957357,-1.422558,-0.209572,0.925710,-1.412258,-0.195529,0.903625,-1.412656,-0.246929,0.944074,-1.422196,-0.228756,0.912690,-1.412786,-0.217306,0.893141,-1.416506,-0.263130,0.931004,-1.428910,-0.246037,0.903675,-1.422671,-0.233856,0.884961,-1.426903,0.061748,0.814836,-2.060753,0.021775,0.781120,-2.071401,0.000315,0.761644,-2.092556,0.037294,0.747158,-2.096380,0.010474,0.727481,-2.112319,-0.014341,0.724658,-2.121551,0.044546,0.756806,-2.119021,0.017569,0.736973,-2.139577,-0.006738,0.739611,-2.148933,0.050667,0.766032,-2.137060,0.024176,0.749635,-2.157874,0.003285,0.757516,-2.163200,0.054514,0.781321,-2.152221,0.029981,0.769168,-2.170338,0.008818,0.771669,-2.178252,,,
27,0.900,-0.167083,0.918399,-1.829960,-0.286401,0.920645,-1.841949,-0.047765,0.916154,-1.817972,-0.308814,0.495563,-1.974751,-0.032828,0.563654,-1.545294,-0.296568,0.226803,-2.292369,-0.036585,0.147546,-1.535101,-0.165011,1.035615,-1.828629,-0.165814,1.249828,-1.819799,-0.143903,1.490821,-1.801323,-0.130181,1.588581,-1.768827,-0.182134,1.441264,-1.793814,-0.114199,1.436616,-1.813689,-0.313044,1.394402,-1.739060,0.012682,1.370212,-1.853837,-0.408549,1.134420,-1.651439,0.046745,1.097177,-1.949104,-0.283960,0.967407,-1.460286,0.088322,0.819518,-1.982826,-0.321044,0.051863,-2.262654,-0.016985,0.065533,-1.377063,,,,,,,,,,-0.262404,0.973349,-1.449166,-0.223782,0.952450,-1.418841,-0.206510,0.929816,-1.397012,-0.235620,0.936643,-1.382963,-0.215277,0.909730,-1.368048,-0.199223,0.888602,-1.365884,-0.255491,0.920465,-1.384251,-0.236612,0.887618,-1.373840,-0.223099,0.865204,-1.374155,-0.272140,0.907614,-1.386628,-0.255815,0.875206,-1.377300,-0.244417,0.855612,-1.380944,-0.287714,0.895428,-1.395975,-0.271872,0.867294,-1.390019,-0.259627,0.848627,-1.394272,0.075813,0.801450,-1.970966,0.036258,0.767873,-1.983456,0.016194,0.748226,-2.005791,0.053002,0.733218,-2.006628,0.025961,0.714820,-2.023683,0.001508,0.713186,-2.034091,0.061809,0.742289,-2.028953,0.035296,0.723181,-2.050760,0.011646,0.726613,-2.061447,0.069185,0.751052,-2.046752,0.043027,0.735314,-2.068476,0.022670,0.743829,-2.074806,0.074170,0.765961,-2.061960,0.049999,0.753917,-2.080629,0.029174,0.756871,-2.089254,,,
28,0.933,-0.160292,0.918220,-1.771041,-0.279818,0.920176,-1.780799,-0.040765,0.916265,-1.761283,-0.330814,0.482089,-1.846465,-0.019946,0.555848,-1.499560,-0.309059,0.263878,-2.200265,-0.034801,0.141014,-1.530473,-0.158492,1.035439,-1.769597,-0.160444,1.249650,-1.760901,-0.140029,1.490829,-1.743157,-0.125636,1.588643,-1.711114,-0.177975,1.441066,-1.735566,-0.109973,1.436766,-1.755289,-0.309060,1.394066,-1.681354,0.016601,1.369351,-1.794715,-0.399418,1.126541,-1.613118,0.059006,1.092324,-1.873718,-0.301630,0.931453,-1.433305,0.104702,0.813470,-1.884342,-0.324355,0.087882,-2.229885,-0.012651,0.056068,-1.374333,,,,,,,,,,-0.281416,0.935302,-1.419154,-0.247250,0.909727,-1.387114,-0.233355,0.884147,-1.366144,-0.263697,0.890554,-1.354879,-0.246196,0.861335,-1.340718,-0.231187,0.839411,-1.339017,-0.283677,0.875395,-1.360293,-0.267272,0.840847,-1.351293,-0.254524,0.818013,-1.352397,-0.300243,0.863536,-1.366029,-0.286009,0.829696,-1.358547,-0.274772,0.810169,-1.362968,-0.314891,0.853060,-1.378443,-0.300762,0.823741,-1.374119,-0.288698,0.805138,-1.379109,0.092140,0.795979,-1.871696,0.054220,0.760282,-1.883345,0.036228,0.738500,-1.905463,0.073065,0.724495,-1.902901,0.046365,0.705198,-1.919493,0.022216,0.703080,-1.930506,0.082701,0.732090,-1.925433,0.056905,0.711587,-1.946829,0.033633,0.714387,-1.958486,0.090695,0.739684,-1.943501,0.065153,0.722381,-1.964764,0.044946,0.730364,-1.972175,0.095999,0.753524,-1.959585,0.072417,0.739739,-1.977798,0.051748,0.741840,-1.987027,,,
29,0.967,-0.155131,0.921821,-1.715996,-0.274864,0.923504,-1.722826,-0.035397,0.920137,-1.709167,-0.337216,0.482111,-1.711988,-0.010768,0.547219,-1.465943,-0.316652,0.294200,-2.082838,-0.031982,0.135838,-1.525773,-0.153573,1.039041,-1.714417,-0.156811,1.253150,-1.703798,-0.139215,1.494299,-1.682910,-0.125437,1.591906,-1.649978,-0.176843,1.444093,-1.676802,-0.108339,1.440666,-1.694890,-0.308712,1.395191,-1.626299,0.019014,1.373492,-1.732158,-0.390905,1.121590,-1.573605,0.068048,1.093704,-1.796177,-0.326119,0.895347,-1.416850,0.115856,0.815331,-1.782627,-0.334452,0.121758,-2.127925,-0.007341,0.051271,-1.369800,,,,,,,,,,-0.306943,0.895362,-1.400852,-0.276507,0.862406,-1.371947,-0.264928,0.832902,-1.355136,-0.296232,0.838513,-1.345165,-0.281035,0.806204,-1.335904,-0.267096,0.783582,-1.337575,-0.316335,0.825765,-1.354738,-0.302272,0.789212,-1.351594,-0.290536,0.766294,-1.356294,-0.332875,0.816123,-1.363762,-0.320626,0.780749,-1.362222,-0.309893,0.761866,-1.369662,-0.346920,0.808974,-1.378929,-0.334853,0.778447,-1.379617,-0.323509,0.760363,-1.387412,0.104520,0.798666,-1.767883,0.069068,0.759393,-1.774869,0.052597,0.734013,-1.794155,0.090246,0.722876,-1.790238,0.064214,0.700614,-1.803924,0.040011,0.696202,-1.814108,0.099314,0.728371,-1.813601,0.074099,0.704576,-1.832085,0.050547,0.705164,-1.843498,0.106750,0.734285,-1.832516,0.081770,0.713491,-1.851157,0.061083,0.719655,-1.858969,0.111085,0.746443,-1.850173,0.088036,0.729445,-1.866225,0.067156,0.729399,-1.875214,,,
30,1.000,-0.152394,0.929955,-1.662214,-0.272227,0.931249,-1.667105,-0.032561,0.928661,-1.657323,-0.337335,0.497168,-1.588570,-0.010477,0.539102,-1.441478,-0.313398,0.304055,-1.956535,-0.030478,0.130654,-1.519155,-0.151200,1.047177,-1.660449,-0.154903,1.261160,-1.647671,-0.139780,1.502012,-1.621970,-0.127909,1.599214,-1.587152,-0.177352,1.451513,-1.618495,-0.108045,1.448752,-1.633354,-0.310842,1.400244,-1.575099,0.021287,1.382633,-1.665320,-0.384881,1.121724,-1.538562,0.076053,1.100740,-1.713494,-0.355020,0.870384,-1.412500,0.122593,0.824672,-1.673736,-0.336673,0.128317,-1.982228,-0.004813,0.046298,-1.363234,,,,,,,,,,-0.336262,0.865305,-1.396816,-0.308045,0.824521,-1.377106,-0.297795,0.791314,-1.368198,-0.329469,0.795512,-1.357697,-0.315630,0.761321,-1.357488,-0.302511,0.739468,-1.365180,-0.349880,0.786690,-1.370498,-0.337484,0.750067,-1.377488,-0.326679,0.728807,-1.388275,-0.366607,0.780546,-1.381918,-0.355861,0.745578,-1.390015,-0.345772,0.728976,-1.402249,-0.380580,0.778275,-1.398591,-0.370285,0.748392,-1.407480,-0.359836,0.732456,-1.419862,0.112736,0.809748,-1.656308,0.079802,0.767756,-1.656189,0.064223,0.738705,-1.670355,0.102979,0.730720,-1.666652,0.078513,0.704724,-1.675935,0.054524,0.697010,-1.684537,0.111108,0.733185,-1.690862,0.087158,0.705266,-1.704665,0.063355,0.702557,-1.715221,0.117687,0.736630,-1.710682,0.094012,0.711539,-1.725305,0.072800,0.714997,-1.733369,0.120789,0.746236,-1.730086,0.098914,0.725467,-1.743046,0.078008,0.722635,-1.751512,,,
31,1.033,-0.153771,0.942996,-1.608608,-0.273631,0.944061,-1.612869,-0.033912,0.941932,-1.604348,-0.340976,0.523678,-1.480295,-0.019824,0.533560,-1.425836,-0.307915,0.292023,-1.824543,-0.031746,0.126778,-1.513301,-0.152800,1.060218,-1.606642,-0.155952,1.274134,-1.592662,-0.143163,1.514723,-1.563468,-0.134120,1.611579,-1.526881,-0.180691,1.464079,-1.562688,-0.110646,1.461688,-1.573630,-0.315965,1.411106,-1.527667,0.020916,1.396776,-1.598087,-0.383687,1.129066,-1.511648,0.080179,1.113229,-1.627627,-0.381813,0.862029,-1.418681,0.119428,0.841554,-1.559710,-0.328453,0.114106,-1.821454,-0.006652,0.042515,-1.357237,,,,,,,,,,-0.363613,0.852391,-1.404556,-0.337082,0.806933,-1.395737,-0.327452,0.772376,-1.395323,-0.359812,0.774611,-1.384975,-0.346761,0.741199,-1.393573,-0.333953,0.721797,-1.406546,-0.380133,0.770143,-1.399987,-0.368586,0.736315,-1.416299,-0.358115,0.718354,-1.432200,-0.396733,0.767771,-1.412903,-0.386685,0.735902,-1.429848,-0.376723,0.722851,-1.445896,-0.410335,0.770414,-1.429825,-0.400886,0.743607,-1.446259,-0.390709,0.731195,-1.462348,0.109534,0.829412,-1.540259,0.077780,0.786999,-1.533872,0.063207,0.755531,-1.543080,0.102235,0.749493,-1.537551,0.079704,0.720721,-1.542557,0.056497,0.710063,-1.550094,0.110923,0.748179,-1.561656,0.088602,0.717179,-1.570841,0.065240,0.711505,-1.581203,0.117919,0.748508,-1.581630,0.096074,0.720008,-1.592327,0.075013,0.720858,-1.601419,0.121261,0.754868,-1.602288,0.100818,0.731278,-1.612457,0.080429,0.726071,-1.621058,,,
32,1.067,-0.158886,0.958938,-1.556764,-0.278740,0.959811,-1.561201,-0.039031,0.958066,-1.552326,-0.345488,0.553927,-1.389052,-0.033537,0.532448,-1.419467,-0.305554,0.266105,-1.687092,-0.035720,0.125932,-1.508929,-0.158103,1.076162,-1.554848,-0.160342,1.289994,-1.539464,-0.149798,1.530432,-1.508203,-0.143757,1.627118,-1.470562,-0.187160,1.479679,-1.509633,-0.116643,1.477552,-1.517024,-0.323876,1.425837,-1.482410,0.016695,1.413839,-1.533813,-0.387688,1.142547,-1.490425,0.079356,1.129677,-1.544257,-0.406317,0.866702,-1.431115,0.106318,0.864671,-1.449359,-0.325387,0.093152,-1.644905,-0.012589,0.041574,-1.352612,,,,,,,,,,-0.388882,0.853688,-1.418856,-0.363251,0.806887,-1.419701,-0.353298,0.773073,-1.426387,-0.386780,0.773428,-1.417687,-0.373714,0.742006,-1.431920,-0.360404,0.725187,-1.447693,-0.406439,0.772968,-1.434167,-0.394716,0.742972,-1.456673,-0.383785,0.728430,-1.475492,-0.422455,0.773987,-1.447967,-0.412351,0.745998,-1.470733,-0.401936,0.736237,-1.488715,-0.435243,0.780747,-1.464373,-0.425819,0.758124,-1.486222,-0.415319,0.749447,-1.504414,0.094273,0.855607,-1.429450,0.061885,0.814263,-1.419981,0.048347,0.781521,-1.425642,0.086493,0.777019,-1.414923,0.065441,0.746815,-1.417182,0.043495,0.733985,-1.425101,0.097823,0.772044,-1.437398,0.076952,0.739343,-1.443616,0.054935,0.731367,-1.455318,0.107015,0.769319,-1.456269,0.087076,0.738666,-1.464438,0.067207,0.737245,-1.475846,0.112669,0.772385,-1.477174,0.093855,0.746936,-1.485903,0.074727,0.739868,-1.495950,,,
33,1.100,-0.165621,0.974024,-1.501261,-0.285451,0.974586,-1.506360,-0.045790,0.973462,-1.496161,-0.348351,0.579446,-1.309534,-0.045482,0.534906,-1.415533,-0.310151,0.231693,-1.535084,-0.040906,0.127373,-1.500145,-0.165133,1.091256,-1.499796,-0.166679,1.304927,-1.482246,-0.158589,1.545237,-1.449316,-0.155207,1.641900,-1.411285,-0.195601,1.494302,-1.452413,-0.124847,1.492578,-1.457178,-0.332914,1.439095,-1.431708,0.009826,1.430432,-1.468187,-0.393887,1.157414,-1.468150,0.076416,1.147028,-1.462547,-0.424075,0.877454,-1.442341,0.089007,0.890531,-1.344177,-0.335013,0.076468,-1.449218,-0.020149,0.042619,-1.343709,,,,,,,,,,-0.407325,0.862351,-1.431620,-0.381188,0.816499,-1.439523,-0.370053,0.784527,-1.451395,-0.404435,0.783287,-1.445335,-0.390515,0.753653,-1.462326,-0.376049,0.738694,-1.478931,-0.422987,0.785948,-1.462857,-0.410010,0.759336,-1.488685,-0.397921,0.747481,-1.508645,-0.438092,0.789555,-1.477238,-0.427126,0.764891,-1.503222,-0.415812,0.757567,-1.521809,-0.449870,0.799285,-1.492890,-0.439482,0.780767,-1.517933,-0.428102,0.775335,-1.536840,0.074188,0.884328,-1.325058,0.040538,0.844343,-1.314248,0.027706,0.810934,-1.316798,0.063953,0.808645,-1.300260,0.043761,0.777777,-1.300439,0.023261,0.763131,-1.309052,0.078349,0.800574,-1.319903,0.058561,0.766861,-1.323836,0.038409,0.756707,-1.337106,0.090127,0.795229,-1.336658,0.071744,0.763139,-1.342672,0.053722,0.759434,-1.356399,0.098728,0.795254,-1.356768,0.081448,0.768361,-1.364250,0.064016,0.759449,-1.375804,,,
34,1.133,-0.171273,0.984986,-1.458249,-0.291154,0.985924,-1.461880,-0.051392,0.984049,-1.454619,-0.345344,0.594007,-1.256217,-0.053580,0.539159,-1.424596,-0.312249,0.199140,-1.383687,-0.047089,0.132901,-1.515013,-0.170445,1.102189,-1.455317,-0.171543,1.315762,-1.436579,-0.167538,1.556272,-1.404365,-0.166567,1.653075,-1.366553,-0.203774,1.504838,-1.408280,-0.132900,1.504039,-1.411096,-0.341461,1.448666,-1.393505,0.003065,1.444068,-1.417222,-0.399328,1.170750,-1.455182,0.078542,1.163699,-1.395315,-0.432256,0.889927,-1.452143,0.082756,0.917522,-1.256247,-0.340747,0.072664,-1.260084,-0.025964,0.048994,-1.358171,,,,,,,,,,-0.415842,0.874636,-1.441169,-0.386644,0.830940,-1.450449,-0.372460,0.800756,-1.463675,-0.407405,0.797428,-1.461548,-0.390424,0.769721,-1.478999,-0.373606,0.756632,-1.494959,-0.424282,0.800907,-1.480556,-0.407643,0.777024,-1.506947,-0.393129,0.767320,-1.526447,-0.438090,0.805183,-1.496018,-0.423710,0.783072,-1.522627,-0.410406,0.777652,-1.540536,-0.448794,0.815817,-1.511852,-0.435293,0.800006,-1.537262,-0.421976,0.796720,-1.555383,0.066422,0.911516,-1.238337,0.032280,0.871423,-1.229689,0.019827,0.837901,-1.232621,0.054696,0.836181,-1.213141,0.034666,0.805243,-1.214624,0.015022,0.790403,-1.224766,0.070760,0.827904,-1.231354,0.051404,0.794105,-1.236509,0.032470,0.783751,-1.251328,0.083950,0.822377,-1.246958,0.066234,0.790117,-1.253981,0.049443,0.786134,-1.269119,0.094218,0.822134,-1.266269,0.077692,0.795052,-1.274714,0.061304,0.785899,-1.287536,,,
35,1.167,-0.175517,0.987600,-1.405735,-0.295418,0.987753,-1.408770,-0.055616,0.987447,-1.402699,-0.337082,0.588405,-1.214815,-0.055168,0.541588,-1.409223,-0.314212,0.172785,-1.215294,-0.050679,0.138511,-1.513012,-0.175477,1.104763,-1.401429,-0.175198,1.318249,-1.381705,-0.175573,1.558875,-1.350115,-0.176828,1.655842,-1.312734,-0.210949,1.506938,-1.355098,-0.140016,1.507107,-1.355507,-0.348694,1.449575,-1.346891,-0.002431,1.450621,-1.355479,-0.399522,1.176739,-1.432721,0.084583,1.175546,-1.316162,-0.432084,0.896559,-1.452581,0.075567,0.944077,-1.153986,-0.347582,0.083873,-1.063415,-0.028480,0.054963,-1.356126,,,,,,,,,,-0.416248,0.881157,-1.440935,-0.384510,0.839185,-1.449823,-0.367794,0.810430,-1.463271,-0.402667,0.805776,-1.465036,-0.382991,0.779802,-1.482322,-0.364182,0.768314,-1.497257,-0.417674,0.809908,-1.485432,-0.397495,0.788334,-1.511337,-0.380697,0.780391,-1.529772,-0.430019,0.814707,-1.501941,-0.412167,0.794853,-1.528226,-0.396926,0.791046,-1.544969,-0.439501,0.825977,-1.518110,-0.422833,0.812298,-1.542870,-0.407608,0.810640,-1.559661,0.057461,0.938338,-1.137772,0.023225,0.897881,-1.131521,0.011224,0.864188,-1.134364,0.044250,0.863653,-1.111405,0.024554,0.832635,-1.114649,0.006259,0.817540,-1.126748,0.062350,0.855103,-1.127453,0.043894,0.821035,-1.133961,0.026828,0.810198,-1.150593,0.077264,0.849329,-1.141318,0.060512,0.816817,-1.149451,0.045507,0.812391,-1.166251,0.089596,0.848657,-1.159370,0.073997,0.821311,-1.168680,0.059022,0.811764,-1.182872,,,
36,1.200,-0.178789,0.981530,-1.356176,-0.298659,0.978140,-1.358444,-0.058918,0.984919,-1.353909,-0.331710,0.583860,-1.152815,-0.048976,0.539702,-1.376610,-0.326252,0.179396,-1.054615,-0.047805,0.145916,-1.511498,-0.182198,1.098605,-1.350956,-0.179114,1.312064,-1.331169,-0.184749,1.552734,-1.300428,-0.187801,1.649855,-1.263555,-0.219029,1.500189,-1.306570,-0.148144,1.501564,-1.304297,-0.356336,1.441250,-1.304470,-0.009184,1.449026,-1.297214,-0.396110,1.173973,-1.411104,0.089964,1.181900,-1.237235,-0.424900,0.895772,-1.452700,0.071694,0.964629,-1.057180,-0.362484,0.129937,-0.886309,-0.025613,0.059768,-1.356023,,,,,,,,,,-0.410098,0.880127,-1.440060,-0.376615,0.839192,-1.447219,-0.357753,0.811392,-1.459810,-0.392207,0.806213,-1.465834,-0.370253,0.781357,-1.481984,-0.349700,0.770858,-1.495256,-0.404960,0.811026,-1.487570,-0.381612,0.790998,-1.512013,-0.362733,0.784185,-1.528813,-0.415513,0.816372,-1.505121,-0.394436,0.798092,-1.530128,-0.377367,0.795340,-1.545234,-0.423407,0.828215,-1.521728,-0.403765,0.816006,-1.545032,-0.386726,0.815402,-1.560059,0.051960,0.959514,-1.042757,0.017902,0.918740,-1.037714,0.005977,0.884936,-1.039299,0.037063,0.886384,-1.013133,0.018002,0.855062,-1.017162,0.001361,0.839204,-1.030598,0.057007,0.877253,-1.026442,0.039796,0.842557,-1.033042,0.024901,0.830506,-1.050881,0.073492,0.870958,-1.038130,0.057938,0.837856,-1.046266,0.044972,0.832343,-1.064389,0.087805,0.869421,-1.054598,0.073248,0.841482,-1.063836,0.059870,0.831021,-1.078948,,,
37,1.233,-0.181783,0.969753,-1.300810,-0.301524,0.962883,-1.301497,-0.062042,0.976624,-1.300122,-0.329257,0.582376,-1.070677,-0.042657,0.533181,-1.342731,-0.347311,0.196933,-0.914563,-0.044625,0.151431,-1.508642,-0.188524,1.086661,-1.295073,-0.184076,1.300199,-1.276437,-0.194253,1.540909,-1.247214,-0.198566,1.638168,-1.210835,-0.227539,1.487820,-1.254103,-0.156784,1.490280,-1.249687,-0.364544,1.428219,-1.257078,-0.017614,1.439744,-1.235615,-0.393333,1.166525,-1.379866,0.090190,1.182216,-1.152904,-0.418435,0.891721,-1.441573,0.063889,0.977266,-0.959864,-0.385426,0.188225,-0.739756,-0.022186,0.061889,-1.355133,,,,,,,,,,-0.404768,0.875513,-1.428377,-0.370147,0.835341,-1.434342,-0.349735,0.808470,-1.446525,-0.383295,0.803337,-1.456254,-0.359104,0.780231,-1.471796,-0.337039,0.771211,-1.483651,-0.393845,0.809264,-1.478877,-0.367669,0.791315,-1.502037,-0.347034,0.785968,-1.517226,-0.402639,0.815505,-1.497090,-0.378595,0.799416,-1.520898,-0.359989,0.798050,-1.534280,-0.408977,0.828203,-1.513733,-0.386847,0.817769,-1.535627,-0.368377,0.818347,-1.548856,0.042993,0.972973,-0.946882,0.009424,0.931897,-0.941063,-0.002103,0.897926,-0.940341,0.026827,0.902566,-0.911821,0.008694,0.870591,-0.914871,-0.006331,0.853247,-0.928378,0.048109,0.892796,-0.922303,0.032278,0.857170,-0.927177,0.019385,0.843142,-0.945130,0.065740,0.885901,-0.931770,0.051529,0.851847,-0.938269,0.040422,0.844436,-0.956942,0.081563,0.883227,-0.946632,0.068231,0.854245,-0.954386,0.056398,0.842127,-0.969549,,,
38,1.267,-0.185662,0.954571,-1.241866,-0.305311,0.946365,-1.240410,-0.066011,0.962777,-1.243321,-0.329701,0.586259,-0.978567,-0.041586,0.522753,-1.311261,-0.359536,0.210442,-0.802116,-0.045559,0.155034,-1.506274,-0.193595,1.071375,-1.235574,-0.190203,1.285030,-1.218091,-0.202353,1.525811,-1.190239,-0.207328,1.623227,-1.154367,-0.235190,1.472484,-1.197441,-0.164539,1.475403,-1.191811,-0.372248,1.413359,-1.204560,-0.025972,1.425096,-1.172099,-0.393238,1.155648,-1.336977,0.086827,1.176841,-1.069973,-0.417243,0.885149,-1.415776,0.056532,0.980559,-0.868687,-0.397427,0.235752,-0.628883,-0.021870,0.063720,-1.354002,,,,,,,,,,-0.404321,0.868274,-1.402665,-0.369115,0.828618,-1.408658,-0.347641,0.802486,-1.420623,-0.380635,0.797847,-1.433105,-0.354283,0.777932,-1.449524,-0.331155,0.771516,-1.461046,-0.389782,0.804996,-1.455985,-0.361399,0.790156,-1.478743,-0.339630,0.786963,-1.492921,-0.397456,0.812217,-1.474342,-0.370982,0.799221,-1.497450,-0.351399,0.799763,-1.509423,-0.402823,0.825805,-1.490618,-0.378939,0.817258,-1.511463,-0.359584,0.819040,-1.523240,0.035059,0.976476,-0.856610,0.002702,0.934667,-0.849332,-0.007196,0.900294,-0.846523,0.019356,0.908527,-0.816810,0.002588,0.875710,-0.818374,-0.010946,0.856785,-0.831321,0.041570,0.898821,-0.825213,0.027447,0.862264,-0.827993,0.016220,0.846327,-0.845466,0.059977,0.891910,-0.833052,0.047425,0.856903,-0.837612,0.037756,0.847615,-0.856246,0.076753,0.888695,-0.846712,0.064891,0.858669,-0.852673,0.054385,0.844871,-0.867372,,,
39,1.300,-0.190612,0.940714,-1.180505,-0.310247,0.932755,-1.177426,-0.070976,0.948674,-1.183584,-0.334279,0.575461,-0.911727,-0.045941,0.514008,-1.279874,-0.357465,0.199379,-0.734843,-0.048095,0.160721,-1.499982,-0.198218,1.057533,-1.174078,-0.196929,1.271215,-1.156650,-0.210131,1.511921,-1.128630,-0.216052,1.609366,-1.092978,-0.242703,1.458549,-1.136644,-0.172198,1.461585,-1.129469,-0.379282,1.398987,-1.148052,-0.034103,1.412043,-1.105061,-0.393884,1.142056,-1.282822,0.080365,1.169434,-0.991830,-0.417376,0.875564,-1.374394,0.051810,0.976436,-0.787143,-0.390375,0.220428,-0.560029,-0.023861,0.063335,-1.351608,,,,,,,,,,-0.404594,0.858069,-1.361977,-0.369039,0.818979,-1.369450,-0.347228,0.793667,-1.382516,-0.379917,0.789522,-1.395741,-0.352806,0.771724,-1.413315,-0.329396,0.766917,-1.425048,-0.388684,0.797857,-1.418367,-0.359508,0.785176,-1.441426,-0.337393,0.783405,-1.455313,-0.396062,0.806025,-1.436446,-0.368734,0.795100,-1.459631,-0.348877,0.796812,-1.471029,-0.401212,0.820449,-1.452060,-0.376706,0.813269,-1.472696,-0.357070,0.815850,-1.483844,0.030083,0.972565,-0.775455,-0.001297,0.930409,-0.766177,-0.010005,0.895953,-0.761245,0.015033,0.907155,-0.731380,-0.000765,0.873825,-0.731151,-0.013340,0.853658,-0.743157,0.037771,0.897560,-0.738392,0.024843,0.860463,-0.738921,0.014663,0.842973,-0.755527,0.056609,0.890676,-0.745158,0.045181,0.855080,-0.747647,0.036387,0.844255,-0.765880,0.073901,0.887016,-0.758042,0.063062,0.856301,-0.762160,0.053411,0.841186,-0.776130,,,
40,1.333,-0.196573,0.928459,-1.116419,-0.316327,0.922499,-1.113383,-0.076820,0.934419,-1.119456,-0.337935,0.556744,-0.859240,-0.055546,0.507506,-1.246441,-0.351040,0.173513,-0.697296,-0.050936,0.168700,-1.488211,-0.202287,1.045481,-1.112070,-0.203478,1.259336,-1.096890,-0.218709,1.500142,-1.070826,-0.226505,1.597814,-1.036175,-0.250762,1.446552,-1.079461,-0.180517,1.449999,-1.070213,-0.386211,1.385042,-1.093659,-0.042612,1.402364,-1.041348,-0.397959,1.125388,-1.223395,0.072385,1.160778,-0.926474,-0.421589,0.859661,-1.317128,0.051493,0.964475,-0.724016,-0.374792,0.156996,-0.520522,-0.025728,0.059063,-1.348817,,,,,,,,,,-0.408744,0.841415,-1.305916,-0.374417,0.801895,-1.316302,-0.353871,0.776751,-1.331560,-0.386981,0.773747,-1.343267,-0.360993,0.756205,-1.362696,-0.338194,0.751456,-1.375598,-0.396422,0.783161,-1.365187,-0.368438,0.770699,-1.389791,-0.346902,0.768947,-1.404564,-0.404304,0.792197,-1.382629,-0.378109,0.781617,-1.407239,-0.358657,0.783345,-1.419312,-0.409719,0.807338,-1.397455,-0.386082,0.800329,-1.419137,-0.366763,0.802828,-1.430844,0.029811,0.960710,-0.712212,-0.000689,0.918385,-0.700972,-0.008248,0.883926,-0.694427,0.016007,0.897215,-0.665036,0.001094,0.863567,-0.662598,-0.010987,0.842354,-0.673229,0.038972,0.887785,-0.671511,0.027005,0.850400,-0.669851,0.017285,0.831704,-0.685386,0.057978,0.880989,-0.677882,0.047559,0.845001,-0.678307,0.039109,0.832902,-0.695889,0.075393,0.877080,-0.690524,0.065641,0.845827,-0.692958,0.056578,0.829660,-0.706122,,,
41,1.367,-0.203696,0.918531,-1.049155,-0.323544,0.913963,-1.048049,-0.083848,0.923099,-1.050260,-0.340453,0.539383,-0.806727,-0.066286,0.508199,-1.212686,-0.346393,0.146936,-0.668113,-0.050258,0.182431,-1.471301,-0.208134,1.035653,-1.046276,-0.211845,1.249749,-1.035556,-0.227989,1.491128,-1.016213,-0.238344,1.589381,-0.983952,-0.259746,1.437283,-1.024338,-0.189789,1.441077,-1.013229,-0.394407,1.374421,-1.040033,-0.052241,1.394805,-0.980676,-0.408237,1.109895,-1.159299,0.060264,1.149793,-0.870698,-0.434108,0.840956,-1.242712,0.048460,0.944981,-0.676088,-0.368965,0.089265,-0.500034,-0.023753,0.051287,-1.352200,,,,,,,,,,-0.421178,0.822191,-1.232499,-0.388819,0.781757,-1.245384,-0.370283,0.756313,-1.262592,-0.403900,0.754332,-1.271796,-0.379714,0.736323,-1.293040,-0.357925,0.731089,-1.307416,-0.414373,0.764292,-1.292996,-0.388233,0.751274,-1.319283,-0.367643,0.749043,-1.335287,-0.423025,0.773773,-1.309825,-0.398654,0.762722,-1.336049,-0.379905,0.764014,-1.349237,-0.428863,0.789249,-1.324136,-0.406660,0.781640,-1.347094,-0.387927,0.783581,-1.359814,0.026812,0.941346,-0.664182,-0.003532,0.899120,-0.652173,-0.010180,0.864576,-0.645110,0.013296,0.878613,-0.615917,-0.001012,0.844914,-0.611416,-0.012947,0.822980,-0.620659,0.036280,0.869148,-0.622273,0.024806,0.831727,-0.618860,0.015147,0.812244,-0.633434,0.055297,0.862306,-0.628564,0.045549,0.826145,-0.627460,0.037204,0.813192,-0.644475,0.072702,0.858240,-0.641171,0.063783,0.826680,-0.642653,0.055126,0.809943,-0.655370,,,
42,1.400,-0.213433,0.912396,-0.984890,-0.333319,0.909010,-0.986067,-0.093546,0.915782,-0.983713,-0.354351,0.538659,-0.738618,-0.067976,0.500019,-1.142836,-0.351893,0.133273,-0.644177,-0.046531,0.200415,-1.431004,-0.216757,1.029580,-0.983363,-0.223589,1.243737,-0.975879,-0.237482,1.485700,-0.963250,-0.249898,1.584577,-0.933743,-0.269694,1.431972,-0.970279,-0.199831,1.435372,-0.958478,-0.404561,1.369486,-0.985708,-0.062966,1.388324,-0.924204,-0.426882,1.100302,-1.092625,0.043638,1.135414,-0.826961,-0.459511,0.827364,-1.158924,0.040800,0.917816,-0.646397,-0.375329,0.045571,-0.489758,-0.019345,0.041298,-1.353357,,,,,,,,,,-0.446519,0.808878,-1.148288,-0.414999,0.767536,-1.160341,-0.397478,0.741286,-1.177403,-0.431124,0.739227,-1.185157,-0.407701,0.720344,-1.206496,-0.386404,0.714464,-1.221351,-0.442066,0.748426,-1.206462,-0.416682,0.734137,-1.232828,-0.396509,0.731084,-1.249223,-0.451073,0.757307,-1.223432,-0.427459,0.744929,-1.249756,-0.409030,0.745469,-1.263438,-0.457128,0.772246,-1.238216,-0.435357,0.763157,-1.261050,-0.416785,0.764139,-1.274112,0.019145,0.914471,-0.634419,-0.012067,0.872742,-0.622908,-0.019757,0.838319,-0.616330,0.004507,0.851276,-0.587092,-0.010127,0.817821,-0.581881,-0.022524,0.795922,-0.590583,0.027236,0.841406,-0.593742,0.015238,0.804184,-0.589979,0.005072,0.784720,-0.604232,0.046058,0.834246,-0.600259,0.035895,0.798205,-0.598966,0.027214,0.785300,-0.615849,0.063294,0.829998,-0.613037,0.054067,0.798537,-0.614721,0.045174,0.781922,-0.627435,,,
43,1.433,-0.224667,0.909722,-0.923740,-0.344540,0.906950,-0.926662,-0.104795,0.912493,-0.920818,-0.374858,0.550008,-0.661134,-0.056798,0.482905,-1.030284,-0.359168,0.134551,-0.640804,-0.038149,0.226252,-1.357462,-0.227382,1.026932,-0.923555,-0.234862,1.241120,-0.917775,-0.248799,1.483247,-0.908887,-0.262514,1.582459,-0.881132,-0.281009,1.429407,-0.915019,-0.211124,1.433008,-0.903405,-0.415673,1.365868,-0.927667,-0.074200,1.385892,-0.869461,-0.446991,1.092349,-1.020382,0.030525,1.125106,-0.793259,-0.484254,0.815438,-1.063820,0.040440,0.892464,-0.632822,-0.385221,0.047132,-0.486645,-0.019712,0.048265,-1.349285,,,,,,,,,,-0.471250,0.798050,-1.051483,-0.440237,0.755379,-1.059564,-0.423726,0.727516,-1.074998,-0.456950,0.724774,-1.081041,-0.434220,0.703569,-1.100899,-0.413350,0.695949,-1.115567,-0.468135,0.731788,-1.103040,-0.443231,0.714601,-1.128103,-0.423317,0.709676,-1.144358,-0.477323,0.738922,-1.120722,-0.454306,0.723500,-1.145943,-0.436115,0.722329,-1.159901,-0.483481,0.752282,-1.136908,-0.461799,0.740371,-1.158495,-0.443222,0.739581,-1.171561,0.019117,0.888490,-0.620447,-0.011819,0.846207,-0.610291,-0.019931,0.811624,-0.605238,0.005703,0.822895,-0.576118,-0.008633,0.789170,-0.571917,-0.021220,0.767604,-0.581161,0.028230,0.813392,-0.583897,0.016522,0.775982,-0.581256,0.005987,0.756994,-0.595878,0.046858,0.806588,-0.591294,0.036822,0.770489,-0.591388,0.027685,0.758329,-0.608581,0.063733,0.803022,-0.604745,0.054526,0.771649,-0.607717,0.045319,0.755617,-0.620944,,,
44,1.467,-0.235043,0.911252,-0.863846,-0.354866,0.908980,-0.868642,-0.115221,0.913524,-0.859049,-0.389571,0.548622,-0.608315,-0.049187,0.473936,-0.894180,-0.363626,0.134204,-0.637442,-0.035207,0.265408,-1.254158,-0.237228,1.028470,-0.864804,-0.243877,1.242707,-0.859922,-0.257146,1.484905,-0.851987,-0.271363,1.584123,-0.824507,-0.289552,1.431114,-0.857492,-0.219527,1.434602,-0.846714,-0.424073,1.366680,-0.866647,-0.082380,1.386753,-0.814758,-0.464654,1.089180,-0.942387,0.018262,1.119107,-0.759799,-0.504534,0.809670,-0.957850,0.036602,0.873814,-0.620316,-0.391200,0.046847,-0.483512,-0.015722,0.091943,-1.294364,,,,,,,,,,-0.491763,0.793432,-0.943819,-0.461827,0.749406,-0.947500,-0.447099,0.719865,-0.961555,-0.479507,0.717041,-0.965309,-0.457976,0.692855,-0.982974,-0.437711,0.682794,-0.997006,-0.490822,0.721870,-0.987824,-0.466752,0.701308,-1.011097,-0.447217,0.694048,-1.026932,-0.500080,0.727243,-1.006083,-0.478160,0.708164,-1.029732,-0.460329,0.704710,-1.043776,-0.506149,0.738894,-1.023570,-0.484862,0.723914,-1.043581,-0.466366,0.721039,-1.056470,0.015630,0.869089,-0.607608,-0.015228,0.826327,-0.599411,-0.022989,0.791414,-0.596538,0.003163,0.800697,-0.567424,-0.011238,0.766798,-0.565413,-0.024168,0.746038,-0.575940,0.025398,0.791661,-0.576493,0.013698,0.754159,-0.575977,0.002692,0.736171,-0.591489,0.043762,0.785307,-0.584882,0.033549,0.749330,-0.587173,0.023859,0.738406,-0.604884,0.060214,0.782597,-0.599039,0.050837,0.751481,-0.603691,0.041191,0.736312,-0.617608,,,
45,1.500,-0.244021,0.916160,-0.805527,-0.363720,0.914584,-0.812959,-0.124322,0.917736,-0.798095,-0.399184,0.542683,-0.569516,-0.054599,0.479104,-0.758428,-0.367567,0.132364,-0.631981,-0.042226,0.293240,-1.130671,-0.245441,1.033377,-0.807514,-0.250603,1.247664,-0.803052,-0.261177,1.489935,-0.793454,-0.274313,1.589050,-0.765079,-0.294277,1.436500,-0.798251,-0.223925,1.439232,-0.789591,-0.428865,1.371754,-0.803287,-0.086340,1.389944,-0.762000,-0.477489,1.090913,-0.859444,0.006870,1.116966,-0.722266,-0.518089,0.811542,-0.843356,0.033984,0.861849,-0.603352,-0.397011,0.045491,-0.478123,-0.004635,0.123623,-1.174296,,,,,,,,,,-0.505396,0.796512,-0.827974,-0.476293,0.751780,-0.827725,-0.462854,0.720823,-0.839899,-0.494800,0.718172,-0.842050,-0.474355,0.691519,-0.857289,-0.454663,0.679319,-0.870411,-0.506364,0.720994,-0.864779,-0.483270,0.697457,-0.886143,-0.464219,0.688042,-0.901423,-0.515798,0.724735,-0.883352,-0.494855,0.702639,-0.905191,-0.477387,0.697209,-0.919065,-0.521922,0.734737,-0.901814,-0.501272,0.717377,-0.920526,-0.483048,0.712833,-0.933321,0.013330,0.856228,-0.590488,-0.017391,0.812992,-0.584592,-0.023942,0.777716,-0.584312,0.001753,0.785138,-0.554996,-0.012703,0.751204,-0.555353,-0.025920,0.731371,-0.567224,0.023734,0.776772,-0.565248,0.011991,0.739332,-0.567227,0.000582,0.722567,-0.583782,0.041869,0.771033,-0.574533,0.031566,0.735315,-0.579219,0.021435,0.725730,-0.597452,0.057952,0.769342,-0.589259,0.048648,0.738541,-0.595782,0.038751,0.724282,-0.610463,,,
46,1.533,-0.250916,0.924645,-0.748450,-0.370460,0.923812,-0.758150,-0.131372,0.925478,-0.738750,-0.401629,0.534292,-0.543358,-0.064831,0.498016,-0.630672,-0.369411,0.128017,-0.628010,-0.055161,0.296460,-0.994739,-0.251501,1.041850,-0.751312,-0.255152,1.256170,-0.746899,-0.262921,1.498437,-0.734845,-0.273468,1.597495,-0.705220,-0.296727,1.445350,-0.738432,-0.226012,1.447364,-0.733233,-0.431353,1.380510,-0.736714,-0.087722,1.396537,-0.712912,-0.485180,1.097068,-0.770670,-0.001545,1.119505,-0.688202,-0.521521,0.821187,-0.720425,0.037908,0.857034,-0.590667,-0.399865,0.040791,-0.474549,-0.010932,0.124353,-1.017310,,,,,,,,,,-0.508215,0.807784,-0.704087,-0.479542,0.762941,-0.700230,-0.466975,0.730626,-0.709449,-0.499042,0.728217,-0.709782,-0.479639,0.699560,-0.722544,-0.460707,0.685513,-0.734917,-0.511695,0.728653,-0.732097,-0.490005,0.702393,-0.751685,-0.471864,0.690932,-0.766673,-0.522007,0.730435,-0.750495,-0.502212,0.705936,-0.770786,-0.485446,0.698903,-0.784805,-0.528951,0.738403,-0.769644,-0.509462,0.719006,-0.787586,-0.491989,0.713028,-0.800832,0.018180,0.850082,-0.577025,-0.011536,0.805977,-0.572588,-0.016639,0.770538,-0.574918,0.009797,0.776305,-0.546460,-0.004048,0.742156,-0.548107,-0.017693,0.722867,-0.560384,0.031200,0.769139,-0.558660,0.019785,0.731766,-0.562730,0.007540,0.716119,-0.579776,0.048789,0.764448,-0.569460,0.038839,0.728930,-0.576042,0.027738,0.720453,-0.594259,0.063936,0.764170,-0.585236,0.054980,0.733722,-0.593634,0.044555,0.720404,-0.608825,,,
47,1.567,-0.254729,0.935519,-0.692577,-0.374190,0.935417,-0.703282,-0.135268,0.935621,-0.681871,-0.396712,0.527145,-0.525409,-0.070621,0.526578,-0.516532,-0.368655,0.123602,-0.623540,-0.068914,0.288234,-0.857783,-0.254519,1.052710,-0.696044,-0.257232,1.267045,-0.691740,-0.263019,1.509306,-0.678510,-0.270554,1.608329,-0.647864,-0.297256,1.456408,-0.680377,-0.226351,1.458038,-0.679115,-0.431876,1.392367,-0.670004,-0.087581,1.405799,-0.667536,-0.488546,1.107659,-0.680943,-0.006671,1.126140,-0.662256,-0.513086,0.839074,-0.596002,0.045262,0.857922,-0.589299,-0.398322,0.036416,-0.469903,-0.033533,0.112785,-0.850559,,,,,,,,,,-0.498341,0.827729,-0.579344,-0.469395,0.783442,-0.572362,-0.457075,0.750177,-0.577732,-0.489650,0.747993,-0.575581,-0.471080,0.717930,-0.586164,-0.453109,0.702409,-0.598203,-0.504276,0.745707,-0.596536,-0.484282,0.717060,-0.614517,-0.467491,0.703695,-0.629501,-0.516217,0.745231,-0.614005,-0.497852,0.718709,-0.633060,-0.482254,0.710250,-0.647629,-0.524877,0.750758,-0.633314,-0.507160,0.729186,-0.650598,-0.491017,0.721562,-0.664660,0.027330,0.849321,-0.574196,-0.001252,0.804398,-0.570590,-0.006135,0.769228,-0.575748,0.023265,0.772846,-0.550057,0.010105,0.738476,-0.552526,-0.004544,0.719704,-0.564441,0.043159,0.767293,-0.565278,0.031737,0.730183,-0.571275,0.017712,0.715799,-0.588060,0.059407,0.763995,-0.578436,0.049413,0.728873,-0.586827,0.036397,0.721634,-0.604296,0.072607,0.765507,-0.595810,0.063386,0.735708,-0.606050,0.051579,0.723561,-0.621210,,,
48,1.600,-0.254764,0.947935,-0.636788,-0.374179,0.948660,-0.647969,-0.135348,0.947211,-0.625607,-0.389222,0.524291,-0.511891,-0.076922,0.560034,-0.412270,-0.366940,0.122972,-0.620104,-0.080631,0.277402,-0.717834,-0.253698,1.065111,-0.640579,-0.256828,1.279458,-0.637186,-0.260061,1.521786,-0.624323,-0.264664,1.620790,-0.593045,-0.294756,1.469154,-0.624294,-0.223869,1.470230,-0.626668,-0.429380,1.407101,-0.605401,-0.085363,1.416152,-0.623199,-0.488766,1.122952,-0.594340,-0.010521,1.135169,-0.638402,-0.495718,0.866203,-0.476074,0.047348,0.862708,-0.589652,-0.395568,0.036198,-0.466037,-0.053011,0.107024,-0.669932,,,,,,,,,,-0.478934,0.857138,-0.459958,-0.448589,0.814196,-0.450838,-0.435229,0.780930,-0.452261,-0.468448,0.778575,-0.447096,-0.450383,0.747586,-0.455696,-0.433449,0.730815,-0.467562,-0.485372,0.773569,-0.465718,-0.467035,0.742912,-0.482078,-0.451827,0.727784,-0.497077,-0.499255,0.770814,-0.481455,-0.482496,0.742361,-0.499156,-0.468441,0.732370,-0.514313,-0.510202,0.773784,-0.500156,-0.494418,0.750110,-0.516539,-0.479975,0.740734,-0.531370,0.031303,0.852923,-0.573208,0.002017,0.808405,-0.570299,-0.004706,0.774057,-0.578201,0.028004,0.774448,-0.556520,0.013933,0.740550,-0.560193,-0.002598,0.723070,-0.571601,0.045523,0.770134,-0.574761,0.032305,0.733986,-0.582649,0.015741,0.721535,-0.598647,0.059775,0.767916,-0.590252,0.047933,0.733866,-0.600463,0.032549,0.728481,-0.616628,0.070605,0.770973,-0.609008,0.059489,0.742444,-0.620853,0.045581,0.731937,-0.635447,,,
49,1.633,-0.254214,0.959146,-0.580313,-0.373544,0.960715,-0.592282,-0.134883,0.957577,-0.568343,-0.381076,0.523759,-0.503710,-0.082926,0.594035,-0.315419,-0.364699,0.124716,-0.621015,-0.087891,0.263611,-0.568517,-0.252301,1.076314,-0.584019,-0.255763,1.290661,-0.581015,-0.255707,1.533010,-0.568145,-0.257254,1.631913,-0.536249,-0.290941,1.480765,-0.566447,-0.220238,1.481058,-0.572171,-0.425400,1.421084,-0.540175,-0.082606,1.424828,-0.576171,-0.487817,1.139073,-0.509134,-0.014728,1.143974,-0.612189,-0.470489,0.899006,-0.360732,0.044080,0.868590,-0.586380,-0.392103,0.037179,-0.467157,-0.062273,0.112319,-0.476101,,,,,,,,,,-0.451379,0.892623,-0.345978,-0.417933,0.852280,-0.335888,-0.402510,0.819910,-0.334681,-0.435282,0.816684,-0.325438,-0.416666,0.785547,-0.332111,-0.400321,0.768014,-0.343696,-0.454106,0.808801,-0.340987,-0.436351,0.776958,-0.355635,-0.422322,0.760574,-0.370461,-0.469676,0.803617,-0.354355,-0.453841,0.773616,-0.370260,-0.441262,0.762174,-0.385685,-0.483004,0.803853,-0.371695,-0.468278,0.778781,-0.386942,-0.455361,0.768069,-0.402268,0.029449,0.857969,-0.569153,-0.002104,0.814979,-0.567113,-0.011862,0.782055,-0.577515,0.023066,0.778449,-0.560021,0.006599,0.745863,-0.565274,-0.012193,0.730530,-0.576262,0.038043,0.775182,-0.580595,0.021692,0.740805,-0.590315,0.002612,0.730988,-0.605312,0.050235,0.773875,-0.597848,0.035129,0.741747,-0.609827,0.017659,0.738898,-0.624443,0.058996,0.778331,-0.617388,0.044867,0.751774,-0.630539,0.028759,0.743541,-0.644306,,,
50,1.667,-0.253827,0.966120,-0.525057,-0.373050,0.968429,-0.537951,-0.134605,0.963811,-0.512162,-0.372618,0.524389,-0.497198,-0.087946,0.623007,-0.228422,-0.362647,0.127627,-0.622672,-0.091286,0.248531,-0.410136,-0.251226,1.083293,-0.528130,-0.254949,1.297610,-0.523655,-0.251129,1.539831,-0.509058,-0.249723,1.638479,-0.476377,-0.286934,1.488030,-0.506146,-0.216563,1.487462,-0.515056,-0.421020,1.430721,-0.473465,-0.080123,1.429407,-0.526631,-0.487892,1.152119,-0.425520,-0.019765,1.150423,-0.584150,-0.438308,0.933730,-0.252885,0.036277,0.873303,-0.579261,-0.388700,0.039674,-0.468817,-0.063654,0.129179,-0.279454,,,,,,,,,,-0.417339,0.930289,-0.239766,-0.380671,0.893218,-0.228400,-0.363012,0.862225,-0.224556,-0.394637,0.858711,-0.211326,-0.374968,0.827791,-0.215529,-0.358880,0.809490,-0.226255,-0.414574,0.847939,-0.223357,-0.396637,0.815113,-0.235375,-0.383330,0.797382,-0.249291,-0.431199,0.840281,-0.233985,-0.415545,0.808885,-0.247137,-0.404088,0.795788,-0.262115,-0.446358,0.837529,-0.249510,-0.431998,0.811136,-0.262746,-0.420251,0.798870,-0.277846,0.022488,0.861672,-0.561992,-0.011405,0.820452,-0.561609,-0.023981,0.789414,-0.574488,0.011941,0.782082,-0.560593,-0.007030,0.751290,-0.567838,-0.027628,0.738393,-0.578717,0.024932,0.780271,-0.582643,0.005652,0.748126,-0.594415,-0.015193,0.741090,-0.608603,0.035550,0.780194,-0.600954,0.017412,0.750493,-0.614836,-0.001362,0.750262,-0.628043,0.042925,0.786267,-0.620629,0.026077,0.762096,-0.635111,0.008375,0.756303,-0.648144,,,
51,1.700,-0.252333,0.968999,-0.470467,-0.371483,0.972013,-0.483876,-0.133183,0.965986,-0.457057,-0.367488,0.526130,-0.486262,-0.096749,0.639817,-0.155198,-0.360860,0.133316,-0.623799,-0.089702,0.233840,-0.246831,-0.249166,1.086185,-0.472272,-0.253837,1.300420,-0.465414,-0.245583,1.542358,-0.448182,-0.241767,1.640657,-0.414654,-0.282046,1.491078,-0.444358,-0.212131,1.489544,-0.456244,-0.415613,1.436250,-0.405817,-0.077133,1.430151,-0.475436,-0.488487,1.162300,-0.342328,-0.025421,1.154564,-0.553929,-0.404557,0.967756,-0.155076,0.025477,0.876746,-0.567606,-0.385539,0.044879,-0.469995,-0.061381,0.147022,-0.092731,,,,,,,,,,-0.382258,0.966916,-0.143864,-0.343265,0.932940,-0.130707,-0.323839,0.903577,-0.123809,-0.354132,0.901355,-0.107011,-0.333809,0.870604,-0.108420,-0.318202,0.851192,-0.117823,-0.374760,0.888367,-0.115015,-0.356799,0.854447,-0.123419,-0.344232,0.834998,-0.135622,-0.392071,0.878748,-0.122484,-0.376629,0.845955,-0.131968,-0.366231,0.830836,-0.145766,-0.408603,0.873210,-0.135691,-0.394504,0.845347,-0.145829,-0.383767,0.831030,-0.159838,0.012404,0.863769,-0.550744,-0.023166,0.824018,-0.552373,-0.038010,0.795082,-0.567529,-0.001518,0.784954,-0.557238,-0.022536,0.756105,-0.566538,-0.044459,0.745483,-0.577288,0.009840,0.785144,-0.580243,-0.011696,0.755335,-0.594072,-0.033767,0.750803,-0.607400,0.019165,0.786725,-0.599179,-0.001348,0.759566,-0.614848,-0.020989,0.761596,-0.626554,0.025436,0.794683,-0.618563,0.006407,0.772988,-0.634217,-0.012455,0.769395,-0.646387,,,
52,1.733,-0.250637,0.968552,-0.414070,-0.369623,0.974035,-0.428139,-0.131652,0.963069,-0.400002,-0.367567,0.530566,-0.474653,-0.111080,0.632914,-0.100992,-0.361684,0.142353,-0.624718,-0.087218,0.217480,-0.090571,-0.245245,1.085670,-0.414031,-0.252241,1.299783,-0.405529,-0.238824,1.541267,-0.385420,-0.233187,1.639130,-0.350887,-0.276065,1.490608,-0.380876,-0.206696,1.487973,-0.395463,-0.408920,1.438344,-0.336725,-0.073446,1.427375,-0.421779,-0.488534,1.170680,-0.256678,-0.031758,1.156023,-0.518805,-0.374904,0.997823,-0.063899,0.012685,0.878380,-0.548803,-0.384977,0.052064,-0.471775,-0.059228,0.165754,0.078625,,,,,,,,,,-0.351684,0.999039,-0.054791,-0.310877,0.968041,-0.039892,-0.289806,0.940710,-0.030084,-0.318840,0.940695,-0.010464,-0.298052,0.910294,-0.008399,-0.282881,0.889669,-0.015695,-0.339783,0.926384,-0.014317,-0.321762,0.891704,-0.018354,-0.309790,0.870573,-0.028113,-0.357456,0.915514,-0.018498,-0.342117,0.881720,-0.023641,-0.332593,0.864570,-0.035569,-0.374960,0.907730,-0.029053,-0.360923,0.878759,-0.035502,-0.350965,0.862414,-0.047757,0.000430,0.864049,-0.532430,-0.036579,0.825719,-0.535452,-0.053698,0.798969,-0.552147,-0.016777,0.786805,-0.546026,-0.039791,0.760060,-0.556780,-0.062928,0.751629,-0.566907,-0.007146,0.789131,-0.569693,-0.030791,0.761706,-0.584936,-0.053935,0.759358,-0.596942,0.000808,0.792464,-0.589022,-0.021953,0.767895,-0.605821,-0.042317,0.771844,-0.615651,0.005916,0.802268,-0.607895,-0.015093,0.782949,-0.624119,-0.034950,0.781168,-0.635042,,,
53,1.767,-0.249267,0.963997,-0.355467,-0.368006,0.971718,-0.370534,-0.130528,0.956275,-0.340400,-0.369276,0.533237,-0.451563,-0.119717,0.606664,-0.063836,-0.362685,0.154466,-0.624053,-0.087685,0.202283,0.029511,-0.241931,1.080989,-0.353324,-0.250249,1.295021,-0.343999,-0.233188,1.536115,-0.322063,-0.226531,1.633666,-0.286836,-0.270924,1.485883,-0.316912,-0.202043,1.482524,-0.333521,-0.402400,1.434506,-0.267862,-0.070251,1.421574,-0.365711,-0.487596,1.174253,-0.170909,-0.037334,1.154343,-0.476560,-0.347088,1.021405,0.021055,0.001830,0.877573,-0.519279,-0.385302,0.061183,-0.472816,-0.061038,0.186902,0.205975,,,,,,,,,,-0.323593,1.024598,0.028891,-0.281462,0.997365,0.047093,-0.258719,0.973004,0.060379,-0.287621,0.975180,0.080963,-0.265917,0.946165,0.087872,-0.250339,0.924928,0.083987,-0.308301,0.960006,0.080394,-0.289454,0.925573,0.082078,-0.277180,0.903296,0.075899,-0.325819,0.948234,0.078797,-0.309747,0.914393,0.079273,-0.300132,0.895582,0.070284,-0.343481,0.938441,0.070400,-0.328794,0.909131,0.068611,-0.318742,0.891129,0.059052,-0.009666,0.862112,-0.503391,-0.047923,0.825090,-0.507093,-0.067071,0.800336,-0.524643,-0.030085,0.786837,-0.522480,-0.054885,0.762055,-0.533942,-0.079008,0.755455,-0.543079,-0.022077,0.791067,-0.546486,-0.047576,0.765776,-0.562417,-0.071557,0.765152,-0.572897,-0.015406,0.795945,-0.565972,-0.040146,0.773690,-0.583191,-0.061011,0.779099,-0.591088,-0.011346,0.807292,-0.584224,-0.034097,0.790040,-0.600428,-0.054744,0.789699,-0.609934,,,
54,1.800,-0.249003,0.954687,-0.294076,-0.367597,0.963517,-0.309660,-0.130408,0.945857,-0.278492,-0.366247,0.535476,-0.434607,-0.117835,0.566164,-0.045022,-0.363985,0.162084,-0.618554,-0.091744,0.183392,0.116435,-0.240869,1.071566,-0.289747,-0.247432,1.285577,-0.278704,-0.228809,1.526430,-0.255429,-0.221666,1.623855,-0.219949,-0.266706,1.476349,-0.249999,-0.198123,1.472767,-0.267755,-0.397001,1.424950,-0.197916,-0.067340,1.412259,-0.304564,-0.486475,1.172145,-0.086229,-0.041065,1.148299,-0.424641,-0.326917,1.033707,0.101737,-0.005343,0.872812,-0.477472,-0.385539,0.065663,-0.469141,-0.071580,0.184757,0.294417,,,,,,,,,,-0.303582,1.039103,0.108807,-0.260254,1.016883,0.130648,-0.235728,0.996535,0.147125,-0.265381,0.999920,0.167569,-0.242269,0.973764,0.179498,-0.225525,0.953066,0.179429,-0.285360,0.983940,0.169498,-0.264967,0.951189,0.176933,-0.251630,0.928791,0.174579,-0.302333,0.971299,0.169865,-0.284779,0.938773,0.176005,-0.274277,0.919173,0.170292,-0.319545,0.959559,0.163208,-0.303641,0.930985,0.166134,-0.292815,0.912106,0.159585,-0.016179,0.856192,-0.462307,-0.055175,0.820052,-0.466911,-0.075752,0.797055,-0.485217,-0.038843,0.783040,-0.486448,-0.064803,0.759792,-0.498537,-0.089544,0.754439,-0.506795,-0.032124,0.789197,-0.510432,-0.058835,0.765636,-0.527016,-0.083356,0.766183,-0.536164,-0.026476,0.795632,-0.529788,-0.052552,0.775259,-0.547363,-0.073731,0.781591,-0.553552,-0.023262,0.808438,-0.547226,-0.047274,0.792924,-0.563369,-0.068464,0.793715,-0.571561,,,
55,1.833,-0.245630,0.940429,-0.235471,-0.364299,0.948603,-0.250848,-0.126961,0.932254,-0.220094,-0.358454,0.532404,-0.410776,-0.117534,0.553784,0.015499,-0.364347,0.171974,-0.618907,-0.096252,0.166643,0.166933,-0.238165,1.057344,-0.230930,-0.242813,1.271338,-0.218649,-0.223259,1.511983,-0.194024,-0.215496,1.609367,-0.158562,-0.261258,1.461981,-0.188574,-0.192846,1.458308,-0.206959,-0.391354,1.411324,-0.135280,-0.062912,1.397780,-0.246631,-0.483505,1.163714,-0.014502,-0.040750,1.135377,-0.370878,-0.316563,1.030855,0.171061,-0.006794,0.861197,-0.431147,-0.384986,0.065749,-0.476161,-0.076380,0.154706,0.344553,,,,,,,,,,-0.293415,1.037937,0.177200,-0.248924,1.019933,0.200530,-0.223738,1.002057,0.218786,-0.252910,1.006615,0.239053,-0.228695,0.982275,0.252537,-0.211302,0.962157,0.253782,-0.272143,0.990074,0.242889,-0.250275,0.958969,0.252788,-0.236067,0.936995,0.252167,-0.288537,0.976821,0.244787,-0.269487,0.945741,0.253438,-0.258250,0.926158,0.249274,-0.305284,0.963738,0.239612,-0.287992,0.936361,0.245035,-0.276357,0.917451,0.240182,-0.017405,0.843484,-0.417100,-0.057065,0.808352,-0.423488,-0.078583,0.787226,-0.442930,-0.041906,0.772934,-0.446596,-0.068554,0.751112,-0.459795,-0.093604,0.746760,-0.467702,-0.035840,0.781021,-0.470177,-0.063248,0.759158,-0.487908,-0.088010,0.760665,-0.496268,-0.030697,0.789007,-0.489092,-0.057537,0.770484,-0.507541,-0.078803,0.777533,-0.512544,-0.027832,0.803206,-0.505480,-0.052486,0.789329,-0.522135,-0.073891,0.790955,-0.529616,,,
56,1.867,-0.241081,0.927357,-0.176103,-0.360022,0.932488,-0.190667,-0.122139,0.922227,-0.161539,-0.348786,0.522990,-0.366786,-0.118010,0.560264,0.098843,-0.361712,0.181994,-0.605153,-0.100230,0.159025,0.208179,-0.236312,1.044479,-0.173789,-0.239311,1.258550,-0.162371,-0.218301,1.499108,-0.138102,-0.209205,1.596599,-0.103255,-0.256554,1.449326,-0.132428,-0.188246,1.445250,-0.151112,-0.387157,1.400244,-0.078900,-0.059276,1.383135,-0.191470,-0.482637,1.153249,0.040544,-0.037600,1.119259,-0.312646,-0.321348,1.017641,0.229095,-0.003855,0.845159,-0.373397,-0.383587,0.059112,-0.476672,-0.076478,0.116911,0.380657,,,,,,,,,,-0.298320,1.024946,0.235419,-0.254112,1.007624,0.259783,-0.230189,0.989264,0.279219,-0.258618,0.995118,0.298519,-0.234740,0.970290,0.311713,-0.217686,0.949872,0.312732,-0.277845,0.978586,0.302427,-0.256080,0.947434,0.312406,-0.241938,0.925416,0.311842,-0.294216,0.965312,0.304368,-0.275183,0.934278,0.313224,-0.263917,0.914688,0.309176,-0.310836,0.952054,0.299229,-0.293306,0.924940,0.305186,-0.281427,0.906088,0.300716,-0.014824,0.826877,-0.360394,-0.055056,0.792851,-0.368853,-0.077019,0.773113,-0.389235,-0.040417,0.758521,-0.393862,-0.067330,0.737930,-0.408432,-0.092390,0.734423,-0.416718,-0.034121,0.767807,-0.416935,-0.061666,0.747306,-0.436030,-0.086345,0.749552,-0.444470,-0.028768,0.776746,-0.435359,-0.055714,0.759630,-0.454977,-0.076856,0.767198,-0.459740,-0.025595,0.791787,-0.450918,-0.050374,0.779160,-0.468365,-0.071722,0.781404,-0.475849,,,
57,1.900,-0.236939,0.918440,-0.113224,-0.356059,0.921717,-0.126834,-0.117819,0.915163,-0.099614,-0.351474,0.510713,-0.299714,-0.109371,0.562245,0.172801,-0.357618,0.200690,-0.577403,-0.101584,0.150024,0.230042,-0.233896,1.035632,-0.111638,-0.234608,1.249787,-0.101506,-0.214052,1.490679,-0.080361,-0.202494,1.588349,-0.046766,-0.252127,1.440872,-0.073774,-0.183956,1.436742,-0.092944,-0.382725,1.392430,-0.019656,-0.055697,1.373060,-0.133124,-0.478451,1.140221,0.088125,-0.027754,1.104996,-0.243326,-0.330972,0.994828,0.280651,0.010750,0.829583,-0.294567,-0.385136,0.052344,-0.480851,-0.082174,0.081788,0.394522,,,,,,,,,,-0.308470,1.001900,0.288852,-0.266180,0.983803,0.315908,-0.245086,0.963734,0.336871,-0.273528,0.970239,0.353846,-0.250770,0.944883,0.367979,-0.233914,0.924339,0.369610,-0.292996,0.953651,0.355867,-0.272113,0.922003,0.366168,-0.258071,0.899918,0.365770,-0.309470,0.940367,0.356230,-0.291298,0.908983,0.365640,-0.279848,0.889434,0.361920,-0.325672,0.927297,0.349516,-0.308579,0.899968,0.355755,-0.296398,0.881255,0.351523,-0.000795,0.811129,-0.282328,-0.040767,0.777413,-0.292976,-0.062228,0.757937,-0.314131,-0.025248,0.743450,-0.317955,-0.052069,0.723774,-0.333894,-0.076884,0.720951,-0.343126,-0.017997,0.753099,-0.340596,-0.044973,0.733266,-0.361152,-0.069280,0.735904,-0.370508,-0.011876,0.762325,-0.358635,-0.038366,0.745928,-0.379450,-0.059258,0.753809,-0.384775,-0.008028,0.777614,-0.373796,-0.032561,0.765461,-0.391914,-0.053725,0.767962,-0.399827,,,
58,1.933,-0.229626,0.914692,-0.051535,-0.348944,0.916937,-0.063523,-0.110308,0.912447,-0.039546,-0.371356,0.491857,-0.196327,-0.095371,0.559947,0.233131,-0.359110,0.223095,-0.513944,-0.099128,0.143839,0.243326,-0.227554,1.031908,-0.050204,-0.228357,1.246121,-0.041374,-0.206445,1.487113,-0.022897,-0.192723,1.584874,0.009598,-0.244677,1.437557,-0.015389,-0.176742,1.432909,-0.035263,-0.375587,1.390695,0.039365,-0.049861,1.366504,-0.075412,-0.471092,1.130713,0.126987,-0.015798,1.093470,-0.170679,-0.346502,0.963700,0.318140,0.025780,0.815811,-0.204402,-0.383587,0.048155,-0.484228,-0.079527,0.061826,0.401364,,,,,,,,,,-0.324946,0.969643,0.329260,-0.286324,0.948744,0.359585,-0.269052,0.926110,0.381414,-0.298162,0.932936,0.395463,-0.277819,0.906024,0.410378,-0.261765,0.884895,0.412542,-0.318033,0.916758,0.394175,-0.299154,0.883911,0.404586,-0.285640,0.861497,0.404272,-0.334682,0.903907,0.391798,-0.318357,0.871500,0.401126,-0.306958,0.851906,0.397482,-0.350256,0.891722,0.382451,-0.334414,0.863588,0.388407,-0.322169,0.844921,0.384154,0.013270,0.797743,-0.192542,-0.026285,0.764166,-0.205032,-0.046348,0.744519,-0.227366,-0.009541,0.729511,-0.228203,-0.036582,0.711113,-0.245258,-0.061035,0.709479,-0.255667,-0.000734,0.738582,-0.250529,-0.027247,0.719474,-0.272336,-0.050897,0.722907,-0.283023,0.006642,0.747345,-0.268328,-0.019516,0.731607,-0.290052,-0.039872,0.740122,-0.296381,0.011627,0.762254,-0.283535,-0.012543,0.750210,-0.302205,-0.033369,0.753164,-0.310829,,,
59,1.967,-0.222834,0.914513,0.007385,-0.342361,0.916468,-0.002374,-0.103308,0.912557,0.017143,-0.393357,0.478382,-0.068041,-0.082488,0.552141,0.278866,-0.371602,0.260171,-0.421841,-0.097343,0.137307,0.247953,-0.221034,1.031732,0.008828,-0.222986,1.245942,0.017524,-0.202571,1.487121,0.035268,-0.188179,1.584935,0.067311,-0.240517,1.437359,0.042860,-0.172515,1.433059,0.023137,-0.371603,1.390358,0.097072,-0.045941,1.365643,-0.016289,-0.461960,1.122834,0.165308,-0.003536,1.088616,-0.095293,-0.364172,0.927746,0.345122,0.042159,0.809762,-0.105918,-0.386897,0.084174,-0.451461,-0.075194,0.052361,0.404093,,,,,,,,,,-0.343958,0.931595,0.359272,-0.309792,0.906021,0.391312,-0.295897,0.880441,0.412283,-0.326239,0.886848,0.423547,-0.308738,0.857629,0.437709,-0.293729,0.835705,0.439410,-0.346219,0.871689,0.418133,-0.329814,0.837141,0.427134,-0.317066,0.814307,0.426030,-0.362785,0.859830,0.412397,-0.348551,0.825990,0.419880,-0.337314,0.806463,0.415459,-0.377433,0.849354,0.399984,-0.363303,0.820034,0.404307,-0.351239,0.801432,0.399318,0.029597,0.792272,-0.093271,-0.008323,0.756574,-0.104921,-0.026315,0.734793,-0.127039,0.010522,0.720787,-0.124476,-0.016177,0.701490,-0.141069,-0.040327,0.699373,-0.152082,0.020159,0.728383,-0.147009,-0.005638,0.707880,-0.168405,-0.028910,0.710680,-0.180061,0.028152,0.735976,-0.165077,0.002610,0.718674,-0.186339,-0.017596,0.726657,-0.193750,0.033456,0.749817,-0.181161,0.009874,0.736032,-0.199374,-0.010794,0.738133,-0.208603,,,
60,2.000,-0.217673,0.918113,0.062429,-0.337407,0.919797,0.055600,-0.097940,0.916430,0.069259,-0.399758,0.478404,0.066436,-0.073311,0.543512,0.312484,-0.379194,0.290493,-0.304414,-0.094524,0.132131,0.252654,-0.216115,1.035334,0.064008,-0.219354,1.249442,0.074628,-0.201757,1.490591,0.095515,-0.187980,1.588199,0.128447,-0.239386,1.440386,0.101623,-0.170882,1.436959,0.083535,-0.371254,1.391483,0.152127,-0.043528,1.369784,0.046267,-0.453447,1.117883,0.204821,0.005505,1.089996,-0.017752,-0.388660,0.891640,0.361576,0.053313,0.811624,-0.004203,-0.396995,0.118051,-0.349502,-0.069884,0.047564,0.408627,,,,,,,,,,-0.369485,0.891655,0.377574,-0.339049,0.858699,0.406479,-0.327469,0.829196,0.423291,-0.358774,0.834806,0.433262,-0.343577,0.802497,0.442523,-0.329638,0.779876,0.440852,-0.378876,0.822058,0.423689,-0.364814,0.785506,0.426833,-0.353077,0.762587,0.422133,-0.395417,0.812416,0.414665,-0.383168,0.777042,0.416205,-0.372434,0.758160,0.408765,-0.409461,0.805268,0.399498,-0.397395,0.774741,0.398810,-0.386051,0.756657,0.391015,0.041977,0.794959,0.010541,0.006525,0.755686,0.003554,-0.009945,0.730306,-0.015731,0.027703,0.719168,-0.011814,0.001672,0.696906,-0.025500,-0.022532,0.692495,-0.035684,0.036771,0.724664,-0.035178,0.011557,0.700869,-0.053661,-0.011996,0.701457,-0.065074,0.044207,0.730577,-0.054092,0.019227,0.709784,-0.072733,-0.001459,0.715948,-0.080545,0.048542,0.742736,-0.071749,0.025494,0.725738,-0.087801,0.004613,0.725692,-0.096790,,,
61,2.033,-0.214936,0.926247,0.116211,-0.334769,0.927541,0.111320,-0.095103,0.924953,0.121102,-0.399878,0.493460,0.189854,-0.073020,0.535395,0.336949,-0.375940,0.300349,-0.178111,-0.093021,0.126947,0.259273,-0.213742,1.043469,0.117976,-0.217445,1.257452,0.130755,-0.202322,1.498304,0.156456,-0.190451,1.595506,0.191273,-0.239894,1.447805,0.159930,-0.170588,1.445044,0.145071,-0.373384,1.396536,0.203327,-0.041256,1.378925,0.113105,-0.447424,1.118017,0.239864,0.013510,1.097032,0.064931,-0.417561,0.866677,0.365927,0.060051,0.820964,0.104688,-0.399216,0.124610,-0.203805,-0.067355,0.042591,0.415194,,,,,,,,,,-0.398803,0.861598,0.381610,-0.370587,0.820814,0.401321,-0.360336,0.787607,0.410229,-0.392011,0.791805,0.420730,-0.378171,0.757614,0.420940,-0.365052,0.735762,0.413247,-0.412421,0.782983,0.407929,-0.400025,0.746360,0.400940,-0.389220,0.725100,0.390152,-0.429149,0.776839,0.396509,-0.418402,0.741871,0.388412,-0.408313,0.725269,0.376178,-0.443121,0.774567,0.379836,-0.432827,0.744685,0.370948,-0.422377,0.728748,0.358565,0.050193,0.806041,0.122116,0.017260,0.764048,0.122234,0.001681,0.734997,0.108069,0.040436,0.727012,0.111772,0.015970,0.701016,0.102488,-0.008018,0.693302,0.093886,0.048565,0.729477,0.087562,0.024615,0.701558,0.073758,0.000813,0.698849,0.063202,0.055144,0.732923,0.067741,0.031470,0.707832,0.053118,0.010257,0.711289,0.045054,0.058246,0.742528,0.048337,0.036372,0.721759,0.035377,0.015465,0.718927,0.026911,,,
62,2.067,-0.216314,0.939288,0.169817,-0.336173,0.940353,0.165557,-0.096454,0.938224,0.174078,-0.403518,0.519970,0.298129,-0.082366,0.529853,0.352591,-0.370458,0.288317,-0.046120,-0.094289,0.123071,0.265126,-0.215343,1.056510,0.171784,-0.218494,1.270427,0.185763,-0.205705,1.511015,0.214957,-0.196662,1.607871,0.251544,-0.243233,1.460371,0.215737,-0.173188,1.457980,0.204796,-0.378507,1.407399,0.250759,-0.041627,1.393068,0.180338,-0.446229,1.125358,0.266779,0.017636,1.109521,0.150797,-0.444354,0.858322,0.359747,0.056886,0.837846,0.218714,-0.390996,0.110399,-0.043033,-0.069194,0.038808,0.421190,,,,,,,,,,-0.426154,0.848683,0.373871,-0.399624,0.803226,0.382691,-0.389993,0.768669,0.383105,-0.422354,0.770904,0.393453,-0.409302,0.737492,0.384856,-0.396494,0.718089,0.371882,-0.442675,0.766436,0.378441,-0.431127,0.732608,0.362130,-0.420657,0.714647,0.346228,-0.459275,0.764064,0.365526,-0.449226,0.732195,0.348581,-0.439265,0.719143,0.332533,-0.472877,0.766707,0.348603,-0.463428,0.739900,0.332170,-0.453251,0.727488,0.316081,0.046992,0.825704,0.238164,0.015239,0.783290,0.244552,0.000666,0.751823,0.235343,0.039694,0.745785,0.240872,0.017162,0.717013,0.235866,-0.006045,0.706355,0.228329,0.048381,0.744471,0.216767,0.026060,0.713471,0.207582,0.002699,0.707797,0.197220,0.055377,0.744800,0.196793,0.033532,0.716300,0.186097,0.012471,0.717151,0.177004,0.058719,0.751160,0.176135,0.038276,0.727571,0.165966,0.017887,0.722364,0.157365,,,
63,2.100,-0.221428,0.955230,0.221661,-0.341282,0.956103,0.217224,-0.101573,0.954358,0.226098,-0.408030,0.550218,0.389372,-0.096079,0.528740,0.358960,-0.368097,0.262399,0.091330,-0.098262,0.122224,0.269498,-0.220645,1.072454,0.223577,-0.222884,1.286286,0.238961,-0.212340,1.526724,0.270222,-0.206299,1.623409,0.307862,-0.249702,1.475970,0.268791,-0.179185,1.473844,0.261401,-0.386418,1.422129,0.296015,-0.045847,1.410131,0.244611,-0.450230,1.138839,0.288001,0.016814,1.125968,0.234167,-0.468859,0.862994,0.347313,0.043776,0.860963,0.329064,-0.387929,0.089445,0.133516,-0.075131,0.037867,0.425815,,,,,,,,,,-0.451424,0.849981,0.359572,-0.425793,0.803180,0.358726,-0.415840,0.769365,0.352041,-0.449322,0.769720,0.360741,-0.436256,0.738299,0.346508,-0.422946,0.721480,0.330735,-0.468981,0.769261,0.344261,-0.457258,0.739264,0.321755,-0.446327,0.724722,0.302936,-0.484997,0.770279,0.330461,-0.474893,0.742290,0.307695,-0.464478,0.732529,0.289713,-0.497785,0.777039,0.314055,-0.488361,0.754416,0.292206,-0.477861,0.745739,0.274014,0.031731,0.851898,0.348974,-0.000657,0.810554,0.358442,-0.014195,0.777812,0.352781,0.023950,0.773310,0.363500,0.002899,0.743106,0.361241,-0.019047,0.730276,0.353322,0.035281,0.768335,0.341024,0.014410,0.735634,0.334807,-0.007607,0.727658,0.323105,0.044472,0.765610,0.322154,0.024534,0.734958,0.313985,0.004665,0.733537,0.302577,0.050126,0.768677,0.301249,0.031312,0.743227,0.292520,0.012184,0.736160,0.282472,,,
64,2.133,-0.228163,0.970316,0.277165,-0.347993,0.970878,0.272066,-0.108333,0.969754,0.282264,-0.410893,0.575738,0.468891,-0.108025,0.531198,0.362894,-0.372694,0.227988,0.243338,-0.103449,0.123665,0.278283,-0.227675,1.087548,0.278629,-0.229221,1.301219,0.296179,-0.221131,1.541529,0.329110,-0.217749,1.638192,0.367140,-0.258143,1.490594,0.326012,-0.187389,1.488870,0.321247,-0.395456,1.435387,0.346717,-0.052716,1.426724,0.310238,-0.456429,1.153706,0.310277,0.013874,1.143320,0.315878,-0.486617,0.873746,0.336086,0.026465,0.886823,0.434247,-0.397555,0.072761,0.329202,-0.082692,0.038912,0.434719,,,,,,,,,,-0.469867,0.858643,0.346808,-0.443730,0.812791,0.338905,-0.432595,0.780819,0.327033,-0.466977,0.779579,0.333093,-0.453058,0.749945,0.316102,-0.438591,0.734986,0.299496,-0.485529,0.782240,0.315571,-0.472552,0.755628,0.289743,-0.460463,0.743772,0.269782,-0.500634,0.785847,0.301190,-0.489668,0.761183,0.275206,-0.478354,0.753859,0.256619,-0.512412,0.795577,0.285538,-0.502025,0.777059,0.260494,-0.490644,0.771627,0.241588,0.011646,0.880620,0.453366,-0.022004,0.840635,0.464176,-0.034836,0.807225,0.461626,0.001411,0.804937,0.478164,-0.018781,0.774069,0.477985,-0.039281,0.759422,0.469372,0.015807,0.796866,0.458520,-0.003981,0.763153,0.454588,-0.024133,0.752998,0.441318,0.027585,0.791521,0.441766,0.009202,0.759430,0.435752,-0.008820,0.755725,0.422025,0.036186,0.791546,0.421656,0.018906,0.764653,0.414174,0.001474,0.755741,0.402620,,,
65,2.167,-0.233815,0.981279,0.320176,-0.353697,0.982217,0.316545,-0.113934,0.980341,0.323806,-0.407886,0.590300,0.522208,-0.116122,0.535452,0.353830,-0.374791,0.195434,0.394734,-0.109631,0.129193,0.263414,-0.232987,1.098481,0.323108,-0.234085,1.312054,0.341846,-0.230080,1.552564,0.374060,-0.229109,1.649367,0.411872,-0.266316,1.501130,0.370145,-0.195442,1.500332,0.367329,-0.404003,1.444958,0.384920,-0.059478,1.440361,0.361202,-0.461870,1.167042,0.323244,0.015999,1.159991,0.383109,-0.494798,0.886219,0.326284,0.020214,0.913814,0.522176,-0.403290,0.068957,0.518335,-0.088506,0.045286,0.420256,,,,,,,,,,-0.478384,0.870928,0.337258,-0.449186,0.827232,0.327978,-0.435002,0.797048,0.314752,-0.469947,0.793720,0.316879,-0.452966,0.766013,0.299428,-0.436148,0.752924,0.283469,-0.486824,0.797199,0.297871,-0.470185,0.773316,0.271480,-0.455671,0.763612,0.251980,-0.500632,0.801475,0.282410,-0.486252,0.779364,0.255800,-0.472948,0.773944,0.237891,-0.511337,0.812109,0.266576,-0.497835,0.796298,0.241165,-0.484519,0.793012,0.223044,0.003880,0.907808,0.540086,-0.030262,0.867714,0.548734,-0.042716,0.834193,0.545802,-0.007846,0.832473,0.565282,-0.027876,0.801535,0.563799,-0.047520,0.786695,0.553657,0.008217,0.824195,0.547069,-0.011138,0.790396,0.541914,-0.030073,0.780043,0.527095,0.021407,0.818668,0.531465,0.003692,0.786409,0.524441,-0.013100,0.782426,0.509304,0.031675,0.818426,0.512154,0.015150,0.791344,0.503709,-0.001239,0.782191,0.490887,,,
66,2.200,-0.238059,0.983892,0.372690,-0.357961,0.984046,0.369655,-0.118158,0.983740,0.375726,-0.399624,0.584698,0.563610,-0.117711,0.537881,0.369202,-0.376754,0.169078,0.563128,-0.113222,0.134803,0.265415,-0.238019,1.101055,0.376996,-0.237740,1.314542,0.396720,-0.238115,1.555168,0.428310,-0.239370,1.652134,0.465691,-0.273491,1.503230,0.423327,-0.202558,1.503399,0.422918,-0.411236,1.445868,0.431534,-0.064973,1.446913,0.422945,-0.462065,1.173031,0.345705,0.022041,1.171838,0.462262,-0.494627,0.892852,0.325846,0.013025,0.940368,0.624438,-0.410124,0.080165,0.715006,-0.091022,0.051255,0.422301,,,,,,,,,,-0.478791,0.877450,0.337492,-0.447052,0.835478,0.328603,-0.430336,0.806722,0.315156,-0.465209,0.802069,0.313391,-0.445534,0.776094,0.296104,-0.426724,0.764607,0.281170,-0.480217,0.806200,0.292995,-0.460037,0.784626,0.267090,-0.443240,0.776683,0.248655,-0.492562,0.810999,0.276486,-0.474710,0.791145,0.250201,-0.459469,0.787339,0.233458,-0.502044,0.822270,0.260317,-0.485376,0.808590,0.235557,-0.470151,0.806932,0.218766,-0.005081,0.934630,0.640651,-0.039317,0.894173,0.646902,-0.051318,0.860480,0.644059,-0.018292,0.859945,0.667018,-0.037988,0.828927,0.663774,-0.056282,0.813831,0.651675,-0.000191,0.851394,0.650970,-0.018648,0.817327,0.644462,-0.035714,0.806489,0.627830,0.014722,0.845621,0.637104,-0.002030,0.813108,0.628971,-0.017035,0.808683,0.612172,0.027054,0.844949,0.619053,0.011455,0.817602,0.609743,-0.003520,0.808056,0.595551,,,
67,2.233,-0.241331,0.977823,0.422249,-0.361202,0.974433,0.419981,-0.121461,0.981212,0.424516,-0.394252,0.580152,0.625609,-0.111518,0.535995,0.401816,-0.388793,0.175689,0.723806,-0.110348,0.142209,0.266929,-0.244740,1.094899,0.427469,-0.241656,1.308357,0.447256,-0.247291,1.549027,0.477997,-0.250343,1.646148,0.514870,-0.281571,1.496482,0.471855,-0.210686,1.497857,0.474128,-0.418878,1.437543,0.473955,-0.071726,1.445319,0.481211,-0.458653,1.170266,0.367321,0.027421,1.178193,0.541189,-0.487443,0.892064,0.325727,0.009152,0.960921,0.721243,-0.425024,0.126228,0.892112,-0.088155,0.056061,0.422403,,,,,,,,,,-0.472641,0.876419,0.338367,-0.439158,0.835485,0.331208,-0.420296,0.807685,0.318617,-0.454750,0.802506,0.312593,-0.432796,0.777650,0.296443,-0.412243,0.767151,0.283170,-0.467503,0.807319,0.290857,-0.444155,0.787290,0.266414,-0.425276,0.780478,0.249613,-0.478056,0.812664,0.273306,-0.456979,0.794385,0.248298,-0.439910,0.791633,0.233192,-0.485950,0.824508,0.256699,-0.466308,0.812299,0.233395,-0.449270,0.811695,0.218367,-0.010582,0.955807,0.735667,-0.044640,0.915032,0.740710,-0.056565,0.881229,0.739124,-0.025479,0.882676,0.765290,-0.044540,0.851354,0.761261,-0.061181,0.835496,0.747825,-0.005535,0.873545,0.751981,-0.022747,0.838849,0.745381,-0.037641,0.826799,0.727542,0.010950,0.867250,0.740292,-0.004604,0.834148,0.732157,-0.017570,0.828635,0.714034,0.025262,0.865713,0.723825,0.010706,0.837774,0.714587,-0.002673,0.827313,0.699475,,,
68,2.267,-0.244325,0.966047,0.477615,-0.364066,0.959176,0.476928,-0.124584,0.972917,0.478302,-0.391800,0.578668,0.707747,-0.105199,0.529474,0.435695,-0.409853,0.193226,0.863860,-0.107167,0.147724,0.269785,-0.251066,1.082954,0.483351,-0.246619,1.296492,0.501988,-0.256795,1.537202,0.531210,-0.261108,1.634461,0.567590,-0.290081,1.484113,0.524322,-0.219327,1.486573,0.528738,-0.427086,1.424512,0.521347,-0.080156,1.436037,0.542809,-0.455875,1.162818,0.398559,0.027648,1.178509,0.625520,-0.480977,0.888013,0.336853,0.001348,0.973559,0.818560,-0.447968,0.184516,1.038667,-0.084729,0.058182,0.423294,,,,,,,,,,-0.467310,0.871806,0.350049,-0.432689,0.831633,0.344084,-0.412277,0.804762,0.331901,-0.445837,0.799630,0.322173,-0.421647,0.776524,0.306630,-0.399581,0.767503,0.294775,-0.456387,0.805557,0.299549,-0.430211,0.787608,0.276389,-0.409577,0.782260,0.261200,-0.465181,0.811798,0.281336,-0.441137,0.795709,0.257529,-0.422532,0.794342,0.244146,-0.471519,0.824495,0.264693,-0.449389,0.814061,0.242799,-0.430919,0.814640,0.229570,-0.019549,0.969265,0.831542,-0.053118,0.928190,0.837360,-0.064645,0.894219,0.838082,-0.035715,0.898859,0.866603,-0.053848,0.866884,0.863553,-0.068873,0.849540,0.850046,-0.014433,0.889089,0.856121,-0.030264,0.853462,0.851247,-0.043157,0.839435,0.833293,0.003198,0.882193,0.846654,-0.011013,0.848139,0.840154,-0.022121,0.840729,0.821482,0.019021,0.879520,0.831792,0.005689,0.850538,0.824037,-0.006144,0.838419,0.808874,,,
69,2.300,-0.248204,0.950864,0.536559,-0.367854,0.942658,0.538015,-0.128554,0.959070,0.535103,-0.392243,0.582552,0.799857,-0.104128,0.519046,0.467165,-0.422077,0.206735,0.976308,-0.108101,0.151326,0.272153,-0.256138,1.067667,0.542850,-0.252746,1.281323,0.560334,-0.264895,1.522104,0.588186,-0.269870,1.619520,0.624058,-0.297732,1.468777,0.580983,-0.227081,1.471696,0.586613,-0.434790,1.409652,0.573864,-0.088514,1.421389,0.606325,-0.455781,1.151941,0.441448,0.024285,1.173134,0.708451,-0.479785,0.881442,0.362649,-0.006010,0.976852,0.909737,-0.459969,0.232045,1.149541,-0.084412,0.060012,0.424425,,,,,,,,,,-0.466863,0.864567,0.375760,-0.431657,0.824911,0.369767,-0.410184,0.798778,0.357803,-0.443178,0.794140,0.345320,-0.416826,0.774225,0.328901,-0.393698,0.767809,0.317379,-0.452325,0.801289,0.322440,-0.423942,0.786449,0.299683,-0.402173,0.783255,0.285505,-0.459999,0.808510,0.304084,-0.433524,0.795514,0.280975,-0.413942,0.796055,0.269003,-0.465365,0.822098,0.287807,-0.441482,0.813551,0.266962,-0.422127,0.815333,0.255186,-0.027483,0.972769,0.921814,-0.059840,0.930959,0.929092,-0.069738,0.896586,0.931901,-0.043186,0.904820,0.961614,-0.059954,0.872003,0.960050,-0.073488,0.853078,0.947103,-0.020972,0.895113,0.953211,-0.035095,0.858556,0.950431,-0.046322,0.842620,0.932958,-0.002566,0.888203,0.945372,-0.015117,0.853195,0.940811,-0.024786,0.843907,0.922178,0.014211,0.884988,0.931712,0.002348,0.854962,0.925750,-0.008157,0.841164,0.911052,,,
70,2.333,-0.253154,0.937007,0.597919,-0.372790,0.929048,0.600998,-0.133518,0.944967,0.594840,-0.396821,0.571754,0.866698,-0.108483,0.510301,0.498552,-0.420008,0.195672,1.043583,-0.110637,0.157014,0.278444,-0.260760,1.053825,0.604347,-0.259471,1.267508,0.621775,-0.272673,1.508214,0.649795,-0.278594,1.605659,0.685447,-0.305245,1.454842,0.641781,-0.234740,1.457878,0.648955,-0.441824,1.395280,0.630373,-0.096645,1.408336,0.673364,-0.456426,1.138350,0.495602,0.017823,1.165726,0.786595,-0.479918,0.871858,0.404031,-0.010733,0.972729,0.991282,-0.452918,0.216723,1.218396,-0.086403,0.059628,0.426819,,,,,,,,,,-0.467136,0.854362,0.416448,-0.431582,0.815272,0.408975,-0.409770,0.789961,0.395910,-0.442459,0.785816,0.382684,-0.415348,0.768017,0.365110,-0.391938,0.763210,0.353378,-0.451226,0.794150,0.360058,-0.422050,0.781470,0.336999,-0.399935,0.779698,0.323112,-0.458604,0.802318,0.341979,-0.431276,0.791394,0.318794,-0.411419,0.793106,0.307396,-0.463754,0.816742,0.326365,-0.439248,0.809562,0.305729,-0.419612,0.812143,0.294581,-0.032459,0.968858,1.002969,-0.063839,0.926702,1.012247,-0.072547,0.892246,1.017179,-0.047509,0.903448,1.047045,-0.063308,0.870118,1.047273,-0.075883,0.849951,1.035268,-0.024771,0.893853,1.040032,-0.037700,0.856756,1.039504,-0.047880,0.839266,1.022897,-0.005934,0.886969,1.033266,-0.017361,0.851373,1.030777,-0.026155,0.840548,1.012545,0.011358,0.883309,1.020382,0.000519,0.852594,1.016264,-0.009132,0.837479,1.002294,,,
71,2.367,-0.259116,0.924752,0.662005,-0.378869,0.918792,0.665042,-0.139362,0.930712,0.658968,-0.400477,0.553037,0.919185,-0.118088,0.503799,0.531985,-0.413582,0.169807,1.081130,-0.113479,0.164992,0.290215,-0.264829,1.041774,0.666355,-0.266020,1.255629,0.681534,-0.281251,1.496435,0.707598,-0.289047,1.594107,0.742250,-0.313304,1.442845,0.698964,-0.243059,1.446292,0.708211,-0.448753,1.381335,0.684766,-0.105154,1.398657,0.737077,-0.460501,1.121681,0.555029,0.009843,1.157071,0.851951,-0.484131,0.855954,0.461296,-0.011049,0.960769,1.054409,-0.437334,0.153292,1.257904,-0.088271,0.055356,0.429610,,,,,,,,,,-0.471286,0.837708,0.472508,-0.436959,0.798188,0.462122,-0.416412,0.773045,0.446864,-0.449522,0.770041,0.435157,-0.423534,0.752498,0.415728,-0.400735,0.747749,0.402826,-0.458964,0.779454,0.413237,-0.430980,0.766992,0.388633,-0.409444,0.765240,0.373860,-0.466845,0.788491,0.395795,-0.440651,0.777910,0.371185,-0.421198,0.779639,0.359113,-0.472261,0.803632,0.380969,-0.448623,0.796622,0.359287,-0.429305,0.799121,0.347581,-0.032731,0.957003,1.066213,-0.063231,0.914678,1.077453,-0.070790,0.880220,1.083998,-0.046536,0.893509,1.113389,-0.061448,0.859860,1.115827,-0.073529,0.838647,1.105196,-0.023570,0.884078,1.106915,-0.035537,0.846693,1.108574,-0.045257,0.827998,1.093040,-0.004564,0.877283,1.100544,-0.014983,0.841295,1.100119,-0.023433,0.829196,1.082536,0.012851,0.873374,1.087901,0.003099,0.842120,1.085467,-0.005964,0.825953,1.072304,,,
72,2.400,-0.266238,0.914823,0.729270,-0.386086,0.910255,0.730375,-0.146390,0.919392,0.728164,-0.402995,0.535675,0.971698,-0.128829,0.504492,0.565739,-0.408935,0.143229,1.110313,-0.112801,0.178723,0.307124,-0.270676,1.031946,0.732149,-0.274387,1.246042,0.742869,-0.290531,1.487421,0.762212,-0.300886,1.585673,0.794473,-0.322288,1.433576,0.754087,-0.252331,1.437369,0.765196,-0.456948,1.370713,0.738392,-0.114783,1.391098,0.797749,-0.470778,1.106188,0.619125,-0.002277,1.146086,0.907727,-0.496650,0.837249,0.535712,-0.014081,0.941275,1.102338,-0.431507,0.085560,1.278392,-0.086296,0.047581,0.426226,,,,,,,,,,-0.483720,0.818484,0.545925,-0.451360,0.778050,0.533040,-0.432824,0.752606,0.515832,-0.466442,0.750625,0.506627,-0.442256,0.732616,0.485384,-0.420467,0.727382,0.471008,-0.476914,0.760584,0.485428,-0.450775,0.747567,0.459141,-0.430184,0.745336,0.443137,-0.485566,0.770066,0.468599,-0.461195,0.759016,0.442375,-0.442446,0.760307,0.429187,-0.491405,0.785542,0.454288,-0.469201,0.777933,0.431330,-0.450469,0.779874,0.418610,-0.035730,0.937639,1.114244,-0.066074,0.895414,1.126253,-0.072722,0.860870,1.133316,-0.049246,0.874907,1.162509,-0.063554,0.841208,1.167010,-0.075488,0.819274,1.157767,-0.026262,0.865441,1.156153,-0.037735,0.828021,1.159566,-0.047395,0.808538,1.144992,-0.007245,0.858600,1.149862,-0.016993,0.822439,1.150966,-0.025338,0.809486,1.133951,0.010160,0.854534,1.137255,0.001241,0.822973,1.135773,-0.007416,0.806237,1.123056,,,
73,2.433,-0.275975,0.908688,0.793535,-0.395861,0.905303,0.792358,-0.156088,0.912074,0.794711,-0.416893,0.534952,1.039806,-0.130519,0.496312,0.635587,-0.414435,0.129566,1.134250,-0.109075,0.196706,0.347420,-0.279299,1.025873,0.795062,-0.286131,1.240030,0.802546,-0.300024,1.481993,0.815176,-0.312440,1.580870,0.844683,-0.332236,1.428264,0.808146,-0.262373,1.431665,0.819947,-0.467103,1.365779,0.792717,-0.125508,1.384617,0.854221,-0.489423,1.096595,0.685799,-0.018904,1.131708,0.951465,-0.522052,0.823658,0.619499,-0.021742,0.914110,1.132029,-0.437871,0.041864,1.288669,-0.081889,0.037591,0.425070,,,,,,,,,,-0.509061,0.805172,0.630135,-0.477540,0.763829,0.618082,-0.460020,0.737579,0.601020,-0.493666,0.735521,0.593267,-0.470242,0.716637,0.571927,-0.448945,0.710757,0.557072,-0.504608,0.744720,0.571961,-0.479223,0.730430,0.545595,-0.459050,0.727377,0.529200,-0.513614,0.753601,0.554991,-0.490001,0.741223,0.528667,-0.471572,0.741763,0.514985,-0.519669,0.768539,0.540207,-0.497899,0.759451,0.517373,-0.479327,0.760433,0.504311,-0.043397,0.910765,1.144007,-0.074609,0.869036,1.155518,-0.082299,0.834612,1.162096,-0.058035,0.847570,1.191334,-0.072669,0.814115,1.196546,-0.085066,0.792216,1.187843,-0.035306,0.837700,1.184685,-0.047304,0.800478,1.188448,-0.057470,0.781014,1.174195,-0.016484,0.830539,1.178167,-0.026647,0.794499,1.179460,-0.035328,0.781593,1.162577,0.000752,0.826292,1.165390,-0.008475,0.794831,1.163705,-0.017368,0.778216,1.150991,,,
74,2.467,-0.287209,0.906014,0.854685,-0.407081,0.903243,0.851763,-0.167337,0.908786,0.857607,-0.437400,0.546300,1.117291,-0.119341,0.479198,0.748138,-0.421710,0.130844,1.137623,-0.100692,0.222544,0.420962,-0.289923,1.023224,0.854870,-0.297404,1.237412,0.860650,-0.311341,1.479539,0.869538,-0.325056,1.578751,0.897293,-0.343551,1.425700,0.863406,-0.273666,1.429301,0.875020,-0.478215,1.362161,0.850758,-0.136743,1.382185,0.908964,-0.509532,1.088642,0.758042,-0.032017,1.121398,0.985167,-0.546795,0.811731,0.714603,-0.022102,0.888757,1.145605,-0.447763,0.043425,1.291782,-0.082254,0.044557,0.429140,,,,,,,,,,-0.533792,0.794343,0.726940,-0.502778,0.751671,0.718859,-0.486267,0.723809,0.703425,-0.519491,0.721066,0.697383,-0.496762,0.699862,0.677525,-0.475891,0.692242,0.662856,-0.530677,0.728080,0.675383,-0.505773,0.710894,0.650320,-0.485858,0.705969,0.634065,-0.539865,0.735215,0.657701,-0.516848,0.719792,0.632480,-0.498656,0.718622,0.618522,-0.546022,0.748575,0.641515,-0.524341,0.736664,0.619929,-0.505763,0.735874,0.606862,-0.043426,0.884783,1.157979,-0.074361,0.842500,1.168135,-0.082474,0.807917,1.173189,-0.056839,0.819188,1.202308,-0.071175,0.785463,1.206509,-0.083762,0.763897,1.197266,-0.034312,0.809685,1.194529,-0.046020,0.772275,1.197171,-0.056555,0.753288,1.182549,-0.015684,0.802881,1.187132,-0.025720,0.766783,1.187039,-0.034857,0.754622,1.169846,0.001190,0.799315,1.173682,-0.008016,0.767942,1.170710,-0.017223,0.751910,1.157482,,,
75,2.500,-0.297585,0.907544,0.914579,-0.417407,0.905272,0.909783,-0.177763,0.909817,0.919376,-0.452113,0.544914,1.170111,-0.111729,0.470228,0.884242,-0.426169,0.130497,1.140985,-0.097749,0.261700,0.524265,-0.299770,1.024762,0.913621,-0.306419,1.238999,0.918503,-0.319689,1.481197,0.926438,-0.333905,1.580415,0.953918,-0.352094,1.427406,0.920933,-0.282069,1.430895,0.931711,-0.486615,1.362972,0.911778,-0.144922,1.383045,0.963667,-0.527196,1.085472,0.836037,-0.044279,1.115399,1.018627,-0.567075,0.805963,0.820572,-0.025941,0.870107,1.158111,-0.453742,0.043140,1.294915,-0.078265,0.088235,0.484059,,,,,,,,,,-0.554304,0.789725,0.834603,-0.524369,0.745699,0.830922,-0.509641,0.716157,0.816867,-0.542049,0.713334,0.813114,-0.520517,0.689148,0.795449,-0.500252,0.679086,0.781416,-0.553363,0.718162,0.790599,-0.529294,0.697601,0.767326,-0.509759,0.690341,0.751490,-0.562622,0.723535,0.772339,-0.540702,0.704456,0.748691,-0.522871,0.701003,0.734647,-0.568691,0.735187,0.754852,-0.547404,0.720206,0.734841,-0.528908,0.717332,0.721953,-0.046912,0.865382,1.170818,-0.077770,0.822619,1.179016,-0.085531,0.787707,1.181889,-0.059379,0.796990,1.211002,-0.073780,0.763091,1.213014,-0.086710,0.742331,1.202487,-0.037144,0.787954,1.201934,-0.048844,0.750452,1.202450,-0.059850,0.732464,1.186938,-0.018780,0.781600,1.193544,-0.028993,0.745623,1.191254,-0.038683,0.734699,1.173542,-0.002329,0.778890,1.179388,-0.011705,0.747774,1.174735,-0.021351,0.732605,1.160819,,,
76,2.533,-0.306563,0.912452,0.972898,-0.426262,0.910877,0.965466,-0.186864,0.914029,0.980330,-0.461726,0.538976,1.208910,-0.117142,0.475396,1.019994,-0.430109,0.128657,1.146446,-0.104768,0.289533,0.647750,-0.307983,1.029669,0.970911,-0.313145,1.243956,0.975373,-0.323719,1.486227,0.984971,-0.336855,1.585342,1.013346,-0.356819,1.432792,0.980174,-0.286468,1.435525,0.988834,-0.491407,1.368046,0.975137,-0.148883,1.386236,1.016425,-0.540031,1.087205,0.918979,-0.055672,1.113259,1.056160,-0.580631,0.807834,0.935066,-0.028559,0.858142,1.175074,-0.459553,0.041784,1.300304,-0.067177,0.119915,0.604125,,,,,,,,,,-0.567938,0.792804,0.950449,-0.538835,0.748072,0.950697,-0.525396,0.717115,0.938523,-0.557342,0.714464,0.936372,-0.536897,0.687811,0.921133,-0.517204,0.675612,0.908011,-0.568905,0.717286,0.913644,-0.545812,0.693750,0.892279,-0.526761,0.684334,0.876999,-0.578340,0.721027,0.895070,-0.557397,0.698931,0.873231,-0.539928,0.693502,0.859357,-0.584464,0.731030,0.876608,-0.563814,0.713669,0.857896,-0.545589,0.709126,0.845101,-0.049212,0.852521,1.187938,-0.079934,0.809285,1.193835,-0.086485,0.774009,1.194114,-0.060790,0.781430,1.223430,-0.075246,0.747497,1.223073,-0.088462,0.727663,1.211203,-0.038808,0.773065,1.213179,-0.050552,0.735625,1.211200,-0.061961,0.718859,1.194645,-0.020674,0.767325,1.203893,-0.030976,0.731607,1.199208,-0.041107,0.722023,1.180974,-0.004591,0.765634,1.189168,-0.013895,0.734833,1.182645,-0.023792,0.720575,1.167964,,,
77,2.567,-0.313458,0.920937,1.029975,-0.433002,0.920104,1.020275,-0.193914,0.921770,1.039675,-0.464172,0.530585,1.235068,-0.127373,0.494308,1.147751,-0.431954,0.124309,1.150417,-0.117703,0.292752,0.783683,-0.314043,1.038143,1.027113,-0.317695,1.252462,1.031526,-0.325464,1.494729,1.043580,-0.336010,1.593787,1.073205,-0.359269,1.441643,1.039993,-0.288554,1.443656,1.045192,-0.493895,1.376802,1.041710,-0.150265,1.392829,1.065513,-0.547722,1.093360,1.007753,-0.064087,1.115797,1.090225,-0.584063,0.817479,1.057997,-0.024635,0.853327,1.187759,-0.462408,0.037083,1.303877,-0.073474,0.120646,0.761111,,,,,,,,,,-0.570758,0.804076,1.074336,-0.542084,0.759233,1.078192,-0.529518,0.726918,1.068973,-0.561584,0.724509,1.068640,-0.542181,0.695852,1.055878,-0.523249,0.681805,1.043505,-0.574238,0.724945,1.046325,-0.552547,0.698685,1.026737,-0.534406,0.687224,1.011749,-0.584550,0.726727,1.027927,-0.564755,0.702228,1.007636,-0.547988,0.695195,0.993617,-0.591493,0.734695,1.008778,-0.572005,0.715298,0.990836,-0.554532,0.709320,0.977590,-0.044362,0.846375,1.201402,-0.074079,0.802270,1.205838,-0.079182,0.766831,1.203509,-0.052746,0.772597,1.231967,-0.066591,0.738448,1.230320,-0.080236,0.719159,1.218043,-0.031343,0.765432,1.219767,-0.042758,0.728058,1.215697,-0.055003,0.712412,1.198652,-0.013754,0.760741,1.208967,-0.023704,0.725222,1.202386,-0.034805,0.716745,1.184169,0.001393,0.760462,1.193192,-0.007563,0.730014,1.184793,-0.017987,0.716696,1.169602,,,
78,2.600,-0.317272,0.931811,1.085848,-0.436733,0.931710,1.075143,-0.197810,0.931913,1.096554,-0.459254,0.523438,1.253018,-0.133163,0.522870,1.261891,-0.431198,0.119895,1.154887,-0.131456,0.284527,0.920638,-0.317061,1.049002,1.082381,-0.319774,1.263337,1.086685,-0.325562,1.505598,1.099915,-0.333097,1.604621,1.130561,-0.359799,1.452700,1.098048,-0.288894,1.454330,1.099310,-0.494419,1.388659,1.108421,-0.150123,1.402092,1.110889,-0.551088,1.103951,1.097481,-0.069213,1.122432,1.116170,-0.575629,0.835366,1.182421,-0.017281,0.854215,1.189128,-0.460864,0.032708,1.308524,-0.096075,0.109078,0.927861,,,,,,,,,,-0.560883,0.824021,1.199079,-0.531937,0.779733,1.206060,-0.519618,0.746469,1.200690,-0.552192,0.744285,1.202842,-0.533622,0.714222,1.192258,-0.515651,0.698700,1.180219,-0.566818,0.741999,1.181887,-0.546824,0.713352,1.163906,-0.530033,0.699986,1.148921,-0.578759,0.741523,1.164417,-0.560395,0.715001,1.145362,-0.544797,0.706542,1.130793,-0.587419,0.747050,1.145108,-0.569702,0.725478,1.127825,-0.553559,0.717854,1.113762,-0.035212,0.845613,1.204231,-0.063794,0.800691,1.207837,-0.068677,0.765521,1.202679,-0.039277,0.769138,1.228370,-0.052438,0.734768,1.225901,-0.067086,0.715996,1.213986,-0.019383,0.763586,1.213149,-0.030806,0.726476,1.207152,-0.044830,0.712091,1.190367,-0.003135,0.760288,1.199991,-0.013129,0.725166,1.191600,-0.026145,0.717927,1.174132,0.010065,0.761799,1.182617,0.000844,0.732001,1.172377,-0.010963,0.719853,1.157217,,,
79,2.633,-0.317306,0.944227,1.141636,-0.436721,0.944952,1.130455,-0.197890,0.943503,1.152817,-0.451765,0.520583,1.266536,-0.139465,0.556325,1.366153,-0.429483,0.119264,1.158323,-0.143173,0.273695,1.060588,-0.316240,1.061403,1.137846,-0.319371,1.275750,1.141239,-0.322603,1.518078,1.154101,-0.327207,1.617082,1.185380,-0.357298,1.465446,1.154130,-0.286411,1.466522,1.151757,-0.491923,1.403393,1.173024,-0.147906,1.412444,1.155226,-0.551308,1.119244,1.184084,-0.073063,1.131461,1.140024,-0.558261,0.862494,1.302348,-0.015193,0.859000,1.188774,-0.458110,0.032491,1.312391,-0.115553,0.103316,1.108489,,,,,,,,,,-0.541477,0.853429,1.318465,-0.511132,0.810487,1.327585,-0.497773,0.777221,1.326162,-0.530991,0.774866,1.331326,-0.512926,0.743877,1.322726,-0.495993,0.727106,1.310859,-0.547915,0.769860,1.312704,-0.529578,0.739203,1.296344,-0.514370,0.724075,1.281345,-0.561799,0.767105,1.296967,-0.545040,0.738652,1.279266,-0.530984,0.728661,1.264109,-0.572745,0.770075,1.278266,-0.556961,0.746402,1.261883,-0.542518,0.737025,1.247052,-0.031239,0.849215,1.205218,-0.060525,0.804697,1.208127,-0.067248,0.770349,1.200225,-0.034538,0.770740,1.221907,-0.048608,0.736842,1.218234,-0.065139,0.719362,1.206826,-0.017018,0.766426,1.203666,-0.030237,0.730279,1.195778,-0.046800,0.717827,1.179780,-0.002766,0.764208,1.188175,-0.014608,0.730158,1.177964,-0.029992,0.724773,1.161800,0.008064,0.767265,1.169419,-0.003053,0.738736,1.157574,-0.016960,0.728229,1.142980,,,
80,2.667,-0.316756,0.955438,1.198112,-0.436087,0.957008,1.186143,-0.197425,0.953870,1.210082,-0.443618,0.520051,1.274716,-0.145469,0.590327,1.463004,-0.427242,0.121009,1.157411,-0.150434,0.259904,1.209904,-0.314844,1.072606,1.194406,-0.318305,1.286953,1.197410,-0.318249,1.529302,1.210280,-0.319797,1.628205,1.242176,-0.353483,1.477058,1.211978,-0.282780,1.477350,1.206254,-0.487943,1.417377,1.238249,-0.145149,1.421120,1.202254,-0.550359,1.135365,1.269290,-0.077270,1.140266,1.166237,-0.533032,0.895298,1.417691,-0.018463,0.864883,1.192047,-0.454646,0.033472,1.311270,-0.124815,0.108611,1.302318,,,,,,,,,,-0.513923,0.888914,1.432445,-0.480476,0.848571,1.442535,-0.465054,0.816201,1.443742,-0.497826,0.812976,1.452985,-0.479210,0.781838,1.446312,-0.462865,0.764305,1.434727,-0.516650,0.805092,1.437436,-0.498895,0.773250,1.422788,-0.484866,0.756865,1.407961,-0.532220,0.799908,1.424068,-0.516385,0.769908,1.408162,-0.503805,0.758465,1.392737,-0.545548,0.800144,1.406727,-0.530821,0.775072,1.391480,-0.517904,0.764360,1.376154,-0.033093,0.854262,1.209274,-0.064646,0.811271,1.211314,-0.074404,0.778348,1.200912,-0.039476,0.774741,1.218406,-0.055943,0.742156,1.213153,-0.074734,0.726823,1.202165,-0.024499,0.771474,1.197832,-0.040850,0.737097,1.188112,-0.059929,0.727280,1.173115,-0.012307,0.770167,1.180579,-0.027413,0.738040,1.168601,-0.044883,0.735190,1.153984,-0.003546,0.774623,1.161039,-0.017675,0.748066,1.147889,-0.033783,0.739833,1.134122,,,
81,2.700,-0.316370,0.962413,1.253368,-0.435592,0.964722,1.240474,-0.197147,0.960104,1.266263,-0.435160,0.520682,1.281229,-0.150487,0.619299,1.550002,-0.425189,0.123919,1.155755,-0.153828,0.244824,1.368284,-0.313768,1.079585,1.250295,-0.317491,1.293903,1.254769,-0.313672,1.536124,1.269366,-0.312265,1.634772,1.302048,-0.349476,1.484322,1.272279,-0.279106,1.483755,1.263369,-0.483563,1.427014,1.304959,-0.142665,1.425700,1.251794,-0.550435,1.148412,1.352904,-0.082307,1.146716,1.194276,-0.500851,0.930022,1.525538,-0.026265,0.869595,1.199166,-0.451241,0.035967,1.309611,-0.126196,0.125472,1.498966,,,,,,,,,,-0.479882,0.926580,1.538657,-0.443215,0.889509,1.550024,-0.425556,0.858516,1.553867,-0.457181,0.855003,1.567097,-0.437512,0.824083,1.562893,-0.421424,0.805781,1.552168,-0.477118,0.844230,1.555066,-0.459180,0.811404,1.543048,-0.445874,0.793674,1.529132,-0.493743,0.836573,1.544438,-0.478089,0.805176,1.531286,-0.466632,0.792080,1.516308,-0.508902,0.833820,1.528913,-0.494541,0.807428,1.515677,-0.482795,0.795161,1.500576,-0.040054,0.857964,1.216435,-0.073947,0.816744,1.216818,-0.086523,0.785706,1.203938,-0.050601,0.778375,1.217834,-0.069572,0.747583,1.210589,-0.090170,0.734685,1.199710,-0.037609,0.776563,1.195783,-0.056890,0.744418,1.184012,-0.077734,0.737382,1.169824,-0.026992,0.776486,1.177473,-0.045130,0.746785,1.163591,-0.063904,0.746554,1.150384,-0.019617,0.782559,1.157798,-0.036465,0.758388,1.143316,-0.054167,0.752595,1.130283,,,
82,2.733,-0.314876,0.965292,1.307958,-0.434025,0.968305,1.294549,-0.195726,0.962279,1.321367,-0.430030,0.522423,1.292164,-0.159291,0.636110,1.623227,-0.423402,0.129608,1.154628,-0.152244,0.230134,1.531590,-0.311709,1.082477,1.306152,-0.316379,1.296713,1.313010,-0.308125,1.538650,1.330243,-0.304310,1.636950,1.363770,-0.344589,1.487370,1.334067,-0.274674,1.485836,1.322181,-0.478155,1.432542,1.372607,-0.139676,1.426444,1.302988,-0.551029,1.158593,1.436095,-0.087963,1.150856,1.224496,-0.467101,0.964047,1.623347,-0.037065,0.873038,1.210820,-0.448081,0.041171,1.308432,-0.123924,0.143315,1.685690,,,,,,,,,,-0.444802,0.963207,1.634559,-0.405808,0.929231,1.647717,-0.386383,0.899868,1.654614,-0.416675,0.897645,1.671412,-0.396353,0.866895,1.670003,-0.380745,0.847483,1.660600,-0.437303,0.884658,1.663407,-0.419343,0.850738,1.655003,-0.406776,0.831290,1.642801,-0.454615,0.875039,1.655938,-0.439173,0.842247,1.646455,-0.428775,0.827127,1.632656,-0.471147,0.869502,1.642731,-0.457047,0.841638,1.632593,-0.446310,0.827321,1.618584,-0.050138,0.860061,1.227682,-0.085708,0.820311,1.226054,-0.100552,0.791374,1.210897,-0.064060,0.781247,1.221188,-0.085078,0.752397,1.211888,-0.107001,0.741775,1.201139,-0.052702,0.781436,1.198183,-0.074238,0.751628,1.184354,-0.096309,0.747096,1.171026,-0.043377,0.783017,1.179248,-0.063889,0.755859,1.163579,-0.083531,0.757888,1.151873,-0.037106,0.790975,1.159864,-0.056134,0.769280,1.144209,-0.074996,0.765687,1.132040,,,
83,2.767,-0.313180,0.964845,1.364354,-0.432165,0.970328,1.350286,-0.194194,0.959362,1.378422,-0.430109,0.526859,1.303773,-0.173622,0.629208,1.677433,-0.424227,0.138645,1.153710,-0.149760,0.213773,1.687851,-0.307787,1.081963,1.364394,-0.314784,1.296076,1.372896,-0.301366,1.537560,1.393005,-0.295730,1.635423,1.427538,-0.338607,1.486901,1.397548,-0.269238,1.484266,1.382961,-0.471462,1.434636,1.441699,-0.135988,1.423668,1.356646,-0.551076,1.166973,1.521746,-0.094300,1.152316,1.259620,-0.437447,0.994114,1.714525,-0.049857,0.874673,1.229623,-0.447519,0.048357,1.306652,-0.121771,0.162047,1.857047,,,,,,,,,,-0.414227,0.995330,1.723633,-0.373420,0.964333,1.738531,-0.352349,0.937002,1.748339,-0.381383,0.936986,1.767959,-0.360595,0.906585,1.770024,-0.345424,0.885960,1.762727,-0.402326,0.922675,1.764106,-0.384305,0.887996,1.760069,-0.372333,0.866865,1.750310,-0.419999,0.911805,1.759925,-0.404660,0.878011,1.754782,-0.395136,0.860861,1.742854,-0.437504,0.904021,1.749370,-0.423467,0.875050,1.742921,-0.413508,0.858706,1.730666,-0.062112,0.860342,1.245995,-0.099120,0.822012,1.242974,-0.116239,0.795262,1.226278,-0.079318,0.783098,1.232400,-0.102332,0.756353,1.221645,-0.125469,0.747921,1.211519,-0.069688,0.785424,1.208733,-0.093332,0.757998,1.193490,-0.116477,0.755650,1.181484,-0.061734,0.788756,1.189403,-0.084495,0.764187,1.172605,-0.104859,0.768136,1.162775,-0.056626,0.798561,1.170531,-0.077635,0.779241,1.154307,-0.097491,0.777460,1.143384,,,
84,2.800,-0.311809,0.960290,1.422958,-0.430548,0.968011,1.407890,-0.193070,0.952568,1.438025,-0.431818,0.529530,1.326863,-0.182260,0.602958,1.714590,-0.425227,0.150759,1.154374,-0.150228,0.198577,1.807935,-0.304473,1.077282,1.425101,-0.312791,1.291314,1.434426,-0.295730,1.532408,1.456361,-0.289074,1.629959,1.491589,-0.333466,1.482176,1.461513,-0.264585,1.478817,1.444904,-0.464942,1.430799,1.510562,-0.132793,1.417868,1.412713,-0.550138,1.170546,1.607514,-0.099876,1.150636,1.301865,-0.409631,1.017697,1.799479,-0.060712,0.873865,1.259146,-0.447844,0.057475,1.305611,-0.123581,0.183195,1.984399,,,,,,,,,,-0.386135,1.020890,1.807315,-0.344004,0.993657,1.825517,-0.321262,0.969296,1.838802,-0.350163,0.971472,1.859386,-0.328460,0.942457,1.866296,-0.312882,0.921220,1.862410,-0.370844,0.956298,1.858817,-0.351996,0.921864,1.860502,-0.339722,0.899588,1.854322,-0.388362,0.944526,1.857221,-0.372290,0.910685,1.857696,-0.362675,0.891874,1.848707,-0.406024,0.934733,1.848823,-0.391337,0.905423,1.847034,-0.381285,0.887421,1.837475,-0.072208,0.858405,1.275034,-0.110465,0.821383,1.271332,-0.129613,0.796628,1.253783,-0.092627,0.783130,1.255945,-0.117428,0.758348,1.244483,-0.141551,0.751748,1.235346,-0.084619,0.787359,1.231940,-0.110118,0.762069,1.216009,-0.134099,0.761445,1.205529,-0.077948,0.792237,1.212454,-0.102688,0.769983,1.195235,-0.123553,0.775391,1.187338,-0.073889,0.803585,1.194201,-0.096639,0.786332,1.177997,-0.117287,0.785992,1.168492,,,
85,2.833,-0.311545,0.950980,1.484349,-0.430140,0.959810,1.468765,-0.192950,0.942150,1.499933,-0.428790,0.531769,1.343819,-0.180377,0.562457,1.733402,-0.426527,0.158376,1.159873,-0.154286,0.179685,1.894860,-0.303411,1.067859,1.488678,-0.309974,1.281870,1.499720,-0.291351,1.522723,1.522996,-0.284208,1.620148,1.558476,-0.329248,1.472642,1.528426,-0.260665,1.469060,1.510669,-0.459544,1.421243,1.580509,-0.129882,1.408552,1.473861,-0.549018,1.168438,1.692195,-0.103608,1.144592,1.353784,-0.389459,1.029999,1.880161,-0.067885,0.869105,1.300953,-0.448081,0.061955,1.309287,-0.134121,0.181050,2.072842,,,,,,,,,,-0.366124,1.035396,1.887231,-0.322797,1.013176,1.909072,-0.298270,0.992827,1.925549,-0.327924,0.996213,1.945993,-0.304812,0.970056,1.957922,-0.288067,0.949358,1.957853,-0.347903,0.980232,1.947922,-0.327510,0.947482,1.955357,-0.314173,0.925084,1.953003,-0.364876,0.967591,1.948289,-0.347322,0.935066,1.954429,-0.336820,0.915465,1.948716,-0.382088,0.955851,1.941632,-0.366184,0.927277,1.944558,-0.355358,0.908399,1.938009,-0.078721,0.852485,1.316118,-0.117717,0.816345,1.311514,-0.138294,0.793348,1.293209,-0.101386,0.779333,1.291978,-0.127346,0.756084,1.279888,-0.152087,0.750731,1.271631,-0.094667,0.785489,1.267994,-0.121377,0.761929,1.251410,-0.145899,0.762475,1.242261,-0.089018,0.791924,1.248637,-0.115094,0.771552,1.231063,-0.136273,0.777884,1.224874,-0.085805,0.804730,1.231199,-0.109816,0.789217,1.215056,-0.131007,0.790007,1.206864,,,
86,2.867,-0.308172,0.936722,1.542953,-0.426841,0.944896,1.527576,-0.189503,0.928547,1.558331,-0.420996,0.528697,1.367649,-0.180076,0.550077,1.793923,-0.426889,0.168266,1.159519,-0.158795,0.162936,1.945358,-0.300707,1.053638,1.547495,-0.305356,1.267631,1.559775,-0.285801,1.508276,1.584401,-0.278038,1.605660,1.619862,-0.323800,1.458274,1.589851,-0.255388,1.454601,1.571465,-0.453896,1.407617,1.643145,-0.125454,1.394073,1.531794,-0.546047,1.160007,1.763922,-0.103292,1.131670,1.407547,-0.379104,1.027148,1.949486,-0.069336,0.857490,1.347278,-0.447529,0.062042,1.302266,-0.138923,0.151000,2.122978,,,,,,,,,,-0.355957,1.034230,1.955624,-0.311465,1.016226,1.978955,-0.286280,0.998350,1.997211,-0.315451,1.002908,2.017477,-0.291237,0.978568,2.030962,-0.273844,0.958450,2.032207,-0.334685,0.986367,2.021313,-0.312817,0.955262,2.031212,-0.298609,0.933288,2.030591,-0.351079,0.973114,2.023211,-0.332029,0.942034,2.031862,-0.320792,0.922450,2.027699,-0.367825,0.960031,2.018036,-0.350533,0.932653,2.023459,-0.338898,0.913744,2.018606,-0.079947,0.839777,1.361325,-0.119607,0.804645,1.354938,-0.141125,0.783519,1.335495,-0.104448,0.769227,1.331830,-0.131097,0.747405,1.318630,-0.156147,0.743053,1.310723,-0.098382,0.777314,1.308249,-0.125790,0.755450,1.290518,-0.150552,0.756957,1.282158,-0.093239,0.785300,1.289333,-0.120080,0.766777,1.270884,-0.141346,0.773825,1.265881,-0.090374,0.799499,1.272946,-0.115028,0.785621,1.256290,-0.136433,0.787247,1.248809,,,
87,2.900,-0.303623,0.923650,1.602321,-0.422565,0.928781,1.587757,-0.184681,0.918519,1.616885,-0.411328,0.519283,1.411638,-0.180553,0.556557,1.877267,-0.424254,0.178286,1.173274,-0.162772,0.155318,1.986605,-0.298854,1.040772,1.604636,-0.301853,1.254843,1.616053,-0.280843,1.495401,1.640323,-0.271748,1.592892,1.675170,-0.319096,1.445619,1.645997,-0.250788,1.441543,1.627313,-0.449700,1.396537,1.699524,-0.121818,1.379428,1.586955,-0.545180,1.149542,1.818969,-0.100143,1.115552,1.465779,-0.383890,1.013935,2.007520,-0.066398,0.841452,1.405027,-0.446128,0.055405,1.301756,-0.139020,0.113206,2.159083,,,,,,,,,,-0.360862,1.021240,2.013844,-0.316654,1.003917,2.038207,-0.292731,0.985558,2.057644,-0.321159,0.991412,2.076944,-0.297282,0.966584,2.090137,-0.280227,0.946166,2.091157,-0.340386,0.974880,2.080852,-0.318622,0.943728,2.090831,-0.304480,0.921710,2.090267,-0.356758,0.961605,2.082793,-0.337725,0.930572,2.091649,-0.326458,0.910981,2.087602,-0.373377,0.948348,2.077654,-0.355848,0.921233,2.083611,-0.343969,0.902381,2.079141,-0.077366,0.823170,1.418030,-0.117599,0.789144,1.409571,-0.139562,0.769406,1.389189,-0.102960,0.754814,1.384563,-0.129873,0.734223,1.369993,-0.154933,0.730716,1.361706,-0.096664,0.764099,1.361489,-0.124209,0.743599,1.342394,-0.148888,0.745845,1.333955,-0.091311,0.773039,1.343065,-0.118257,0.755923,1.323447,-0.139399,0.763491,1.318684,-0.088138,0.788080,1.327506,-0.112917,0.775453,1.310059,-0.134265,0.777696,1.302575,,,
88,2.933,-0.299482,0.914733,1.665201,-0.418602,0.918010,1.651591,-0.180361,0.911456,1.678810,-0.414016,0.507006,1.478709,-0.171913,0.558538,1.951226,-0.420160,0.196981,1.201022,-0.164126,0.146317,2.008469,-0.296439,1.031924,1.666787,-0.297151,1.246080,1.676919,-0.276595,1.486972,1.698064,-0.265037,1.584641,1.731659,-0.314669,1.437165,1.704650,-0.246499,1.433035,1.685481,-0.445268,1.388723,1.758769,-0.118239,1.369353,1.645301,-0.540993,1.136513,1.866550,-0.090297,1.101289,1.535098,-0.393514,0.991122,2.059076,-0.051793,0.825876,1.483857,-0.447677,0.048637,1.297577,-0.144716,0.078082,2.172948,,,,,,,,,,-0.371011,0.998193,2.067277,-0.328721,0.980096,2.094333,-0.307627,0.960028,2.115296,-0.336069,0.966533,2.132271,-0.313311,0.941177,2.146404,-0.296455,0.920633,2.148035,-0.355537,0.949945,2.134293,-0.334655,0.918297,2.144593,-0.320612,0.896212,2.144195,-0.372012,0.936661,2.134655,-0.353839,0.905277,2.144066,-0.342389,0.885728,2.140345,-0.388213,0.923591,2.127941,-0.371120,0.896262,2.134181,-0.358939,0.877548,2.129948,-0.063338,0.807422,1.496095,-0.103310,0.773706,1.485448,-0.124771,0.754230,1.464293,-0.087791,0.739744,1.460468,-0.114612,0.720066,1.444530,-0.139427,0.717243,1.435298,-0.080540,0.749391,1.437827,-0.107517,0.729559,1.417271,-0.131823,0.732197,1.407916,-0.074419,0.758618,1.419788,-0.100910,0.742221,1.398974,-0.121801,0.750102,1.393648,-0.070572,0.773907,1.404627,-0.095104,0.761754,1.386510,-0.116268,0.764255,1.378596,,,
89,2.967,-0.292168,0.910985,1.726890,-0.411486,0.913230,1.714902,-0.172850,0.908739,1.738879,-0.433897,0.488150,1.582095,-0.157914,0.556239,2.011557,-0.421652,0.219386,1.264480,-0.161670,0.140132,2.021752,-0.290096,1.028201,1.728221,-0.290899,1.242413,1.737051,-0.268988,1.483406,1.755527,-0.255266,1.581167,1.788023,-0.307219,1.433849,1.763036,-0.239284,1.429201,1.743162,-0.438129,1.386988,1.817790,-0.112403,1.362797,1.703013,-0.533634,1.127005,1.905412,-0.078340,1.089763,1.607745,-0.409044,0.959994,2.096565,-0.036763,0.812104,1.574022,-0.446128,0.044447,1.294198,-0.142069,0.058119,2.179790,,,,,,,,,,-0.387488,0.965937,2.107686,-0.348866,0.945038,2.138011,-0.331593,0.922404,2.159839,-0.360703,0.929231,2.173889,-0.340360,0.902318,2.188804,-0.324306,0.881190,2.190968,-0.380574,0.913053,2.172601,-0.361695,0.880206,2.183012,-0.348181,0.857792,2.182698,-0.397223,0.900202,2.170224,-0.380898,0.867794,2.179552,-0.369499,0.848201,2.175908,-0.412797,0.888016,2.160878,-0.396955,0.859882,2.166833,-0.384710,0.841215,2.162580,-0.049273,0.794035,1.585881,-0.088828,0.760459,1.573392,-0.108891,0.740812,1.551057,-0.072084,0.725804,1.550220,-0.099125,0.707406,1.533165,-0.123578,0.705772,1.522756,-0.063277,0.734875,1.527894,-0.089790,0.715767,1.506087,-0.113440,0.719200,1.495401,-0.055901,0.743638,1.510095,-0.082059,0.727901,1.488371,-0.102415,0.736415,1.482042,-0.050916,0.758547,1.494888,-0.075086,0.746503,1.476218,-0.095911,0.749458,1.467594,,,
90,3.000,-0.285377,0.910805,1.785810,-0.404903,0.912761,1.776051,-0.165851,0.908850,1.795568,-0.455898,0.474675,1.710380,-0.145031,0.548434,2.057292,-0.434144,0.256462,1.356582,-0.159886,0.133600,2.026380,-0.283577,1.028024,1.787253,-0.285529,1.242235,1.795949,-0.265114,1.483414,1.813693,-0.250721,1.581228,1.845736,-0.303059,1.433651,1.821285,-0.235058,1.429351,1.801561,-0.434145,1.386651,1.875497,-0.108484,1.361935,1.762135,-0.524503,1.119127,1.943733,-0.066079,1.084909,1.683131,-0.426713,0.924040,2.123548,-0.020384,0.806055,1.672505,-0.449439,0.080466,1.326962,-0.137736,0.048654,2.182520,,,,,,,,,,-0.406500,0.927890,2.137699,-0.372333,0.902315,2.169739,-0.358437,0.876736,2.190709,-0.388780,0.883143,2.201974,-0.371278,0.853924,2.216136,-0.356270,0.832000,2.217837,-0.408760,0.867984,2.196560,-0.392354,0.833436,2.205561,-0.379607,0.810602,2.204457,-0.425326,0.856125,2.190824,-0.411091,0.822285,2.198307,-0.399854,0.802758,2.193886,-0.439974,0.845649,2.178411,-0.425844,0.816329,2.182734,-0.413780,0.797727,2.177746,-0.032945,0.788565,1.685152,-0.070866,0.752867,1.673502,-0.088858,0.731086,1.651384,-0.052021,0.717080,1.653946,-0.078720,0.697783,1.637353,-0.102870,0.695666,1.626341,-0.042384,0.724676,1.631414,-0.068181,0.704173,1.610018,-0.091453,0.706973,1.598361,-0.034391,0.732269,1.613346,-0.059933,0.714967,1.592083,-0.080139,0.722950,1.584672,-0.029087,0.746110,1.597262,-0.052669,0.732325,1.579049,-0.073337,0.734427,1.569820,,,
91,3.033,-0.280216,0.914405,1.840854,-0.399949,0.916089,1.834024,-0.160482,0.912722,1.847684,-0.462301,0.474696,1.844859,-0.135853,0.539804,2.090910,-0.441736,0.286785,1.474008,-0.157067,0.128424,2.031081,-0.278657,1.031626,1.842433,-0.281896,1.245734,1.853052,-0.264300,1.486884,1.873940,-0.250522,1.584491,1.906872,-0.301928,1.436678,1.880048,-0.233424,1.433251,1.861960,-0.433797,1.387776,1.930552,-0.106070,1.366076,1.824691,-0.515990,1.114175,1.983247,-0.057038,1.086288,1.760672,-0.451201,0.887934,2.140003,-0.009229,0.807916,1.774220,-0.459537,0.114343,1.428920,-0.132426,0.043857,2.187054,,,,,,,,,,-0.432026,0.887949,2.156001,-0.401590,0.854993,2.184906,-0.390010,0.825490,2.201718,-0.421315,0.831101,2.211689,-0.406118,0.798792,2.220951,-0.392179,0.776171,2.219280,-0.441418,0.818353,2.202116,-0.427355,0.781800,2.205261,-0.415618,0.758881,2.200561,-0.457958,0.808711,2.193093,-0.445709,0.773336,2.194633,-0.434975,0.754454,2.187193,-0.472002,0.801561,2.177926,-0.459936,0.771035,2.177238,-0.448591,0.752950,2.169443,-0.020566,0.791251,1.788963,-0.056018,0.751978,1.781977,-0.072488,0.726598,1.762691,-0.034840,0.715460,1.766608,-0.060872,0.693199,1.752922,-0.085075,0.688788,1.742738,-0.025772,0.720956,1.743245,-0.050986,0.697162,1.724761,-0.074539,0.697749,1.713348,-0.018336,0.726870,1.724330,-0.043316,0.706076,1.705689,-0.064002,0.712241,1.697877,-0.014001,0.739028,1.706673,-0.037049,0.722031,1.690621,-0.057929,0.721985,1.681633,,,
92,3.067,-0.277478,0.922539,1.894636,-0.397311,0.923833,1.889745,-0.157645,0.921245,1.899527,-0.462419,0.489752,1.968276,-0.135561,0.531688,2.115376,-0.438482,0.296641,1.600310,-0.155563,0.123240,2.037700,-0.276285,1.039761,1.896401,-0.279988,1.253744,1.909179,-0.264864,1.494596,1.934880,-0.252993,1.591798,1.969698,-0.302436,1.444097,1.938355,-0.233130,1.441336,1.923496,-0.435926,1.392828,1.981752,-0.103798,1.375217,1.891529,-0.509966,1.114309,2.018290,-0.049032,1.093324,1.843354,-0.480103,0.862970,2.144354,-0.002491,0.817256,1.883110,-0.461758,0.120903,1.574616,-0.129897,0.038884,2.193622,,,,,,,,,,-0.461345,0.857891,2.160037,-0.433128,0.817108,2.179749,-0.422877,0.783900,2.188657,-0.454552,0.788099,2.199158,-0.440713,0.753907,2.199368,-0.427593,0.732055,2.191675,-0.474962,0.779276,2.186357,-0.462566,0.742653,2.179368,-0.451762,0.721394,2.168581,-0.491690,0.773132,2.174937,-0.480943,0.738165,2.166840,-0.470854,0.721562,2.154606,-0.505662,0.770860,2.158264,-0.495368,0.740978,2.149376,-0.484918,0.725041,2.136993,-0.012349,0.802332,1.900538,-0.045282,0.760340,1.900656,-0.060862,0.731289,1.886490,-0.022106,0.723304,1.890193,-0.046572,0.697308,1.880910,-0.070561,0.689594,1.872308,-0.013977,0.725769,1.865984,-0.037927,0.697850,1.852180,-0.061730,0.695142,1.841624,-0.007398,0.729215,1.846163,-0.031073,0.704124,1.831540,-0.052285,0.707582,1.823476,-0.004296,0.738820,1.826759,-0.026171,0.718051,1.813799,-0.047077,0.715220,1.805333,,,
93,3.100,-0.278856,0.935580,1.948242,-0.398715,0.936645,1.943982,-0.158996,0.934516,1.952502,-0.466060,0.516261,2.076553,-0.144908,0.526145,2.131017,-0.433000,0.284610,1.732303,-0.156831,0.119364,2.043552,-0.277885,1.052802,1.950209,-0.281036,1.266719,1.964188,-0.268247,1.507307,1.993382,-0.259204,1.604163,2.029969,-0.305775,1.456663,1.994162,-0.235730,1.454272,1.983221,-0.441049,1.403691,2.029184,-0.104169,1.389360,1.958763,-0.508771,1.121650,2.045205,-0.044906,1.105813,1.929221,-0.506896,0.854614,2.138174,-0.005656,0.834138,1.997137,-0.453538,0.106693,1.735389,-0.131736,0.035100,2.199616,,,,,,,,,,-0.488696,0.844976,2.152298,-0.462165,0.799519,2.161118,-0.452534,0.764961,2.161533,-0.484895,0.767196,2.171881,-0.471843,0.733785,2.163283,-0.459035,0.714382,2.150310,-0.505216,0.762728,2.156869,-0.493669,0.728900,2.140558,-0.483198,0.710939,2.124656,-0.521816,0.760357,2.143953,-0.511768,0.728487,2.127008,-0.501806,0.715436,2.110960,-0.535418,0.762999,2.127031,-0.525969,0.736192,2.110598,-0.515792,0.723780,2.094508,-0.015550,0.821995,2.016587,-0.047303,0.779582,2.022974,-0.061876,0.748115,2.013766,-0.022848,0.742077,2.019295,-0.045380,0.713305,2.014288,-0.068587,0.702647,2.006752,-0.014161,0.740762,1.995190,-0.036482,0.709762,1.986004,-0.059844,0.704089,1.975642,-0.007165,0.741092,1.975216,-0.029010,0.712592,1.964519,-0.050071,0.713443,1.955427,-0.003823,0.747452,1.954557,-0.024267,0.723863,1.944389,-0.044656,0.718656,1.935788,,,
94,3.133,-0.283970,0.951523,2.000087,-0.403824,0.952396,1.995649,-0.164115,0.950650,2.004524,-0.470572,0.546510,2.167796,-0.158621,0.525033,2.137387,-0.430639,0.258693,1.869753,-0.160804,0.118517,2.047925,-0.283187,1.068746,2.002002,-0.285426,1.282578,2.017386,-0.274882,1.523016,2.048647,-0.268841,1.619702,2.086287,-0.312244,1.472263,2.047217,-0.241727,1.470136,2.039826,-0.448960,1.418422,2.074441,-0.108389,1.406423,2.023036,-0.512772,1.135131,2.066427,-0.045728,1.122261,2.012592,-0.531401,0.859287,2.125740,-0.018766,0.857255,2.107488,-0.450471,0.085739,1.911937,-0.137674,0.034159,2.204242,,,,,,,,,,-0.513965,0.846273,2.137999,-0.488334,0.799472,2.137154,-0.478382,0.765658,2.130468,-0.511864,0.766012,2.139168,-0.498797,0.734591,2.124936,-0.485487,0.717772,2.109163,-0.531523,0.765553,2.122689,-0.519800,0.735556,2.100183,-0.508869,0.721015,2.081364,-0.547539,0.766572,2.108889,-0.537434,0.738583,2.086123,-0.527019,0.728821,2.068141,-0.560326,0.773332,2.092482,-0.550902,0.750709,2.070634,-0.540402,0.742031,2.052442,-0.030811,0.848191,2.127397,-0.063199,0.806847,2.136865,-0.076737,0.774104,2.131205,-0.038591,0.769602,2.141923,-0.059643,0.739398,2.139664,-0.081589,0.726568,2.131745,-0.027261,0.764627,2.119448,-0.048132,0.731927,2.113230,-0.070149,0.723950,2.101528,-0.018069,0.761903,2.100577,-0.038008,0.731250,2.092408,-0.057877,0.729830,2.081000,-0.012415,0.764969,2.079672,-0.031229,0.739520,2.070943,-0.050358,0.732453,2.060896,,,
95,3.167,-0.290705,0.966609,2.055590,-0.410535,0.967171,2.050491,-0.170875,0.966047,2.060690,-0.473436,0.572030,2.247316,-0.170566,0.527491,2.141322,-0.435236,0.224281,2.021761,-0.165991,0.119958,2.056710,-0.290217,1.083840,2.057055,-0.291763,1.297511,2.074605,-0.283673,1.537821,2.107535,-0.280290,1.634484,2.145566,-0.320685,1.486886,2.104438,-0.249931,1.485162,2.099673,-0.457998,1.431679,2.125143,-0.115258,1.423016,2.088664,-0.518971,1.149999,2.088703,-0.048669,1.139612,2.094302,-0.549159,0.870038,2.114513,-0.036077,0.883115,2.212671,-0.460097,0.069054,2.107623,-0.145234,0.035204,2.213146,,,,,,,,,,-0.532409,0.854936,2.125235,-0.506272,0.809084,2.117332,-0.495137,0.777111,2.105460,-0.529519,0.775872,2.111520,-0.515600,0.746237,2.094529,-0.501134,0.731278,2.077924,-0.548071,0.778533,2.093998,-0.535095,0.751920,2.068170,-0.523006,0.740065,2.048210,-0.563177,0.782139,2.079618,-0.552210,0.757475,2.053633,-0.540897,0.750151,2.035047,-0.574955,0.791869,2.063965,-0.564567,0.773351,2.038922,-0.553186,0.767919,2.020015,-0.050896,0.876912,2.231790,-0.084546,0.836927,2.242600,-0.097378,0.803517,2.240050,-0.061131,0.801229,2.256588,-0.081323,0.770361,2.256409,-0.101823,0.755714,2.247796,-0.046735,0.793158,2.236945,-0.066523,0.759445,2.233012,-0.086675,0.749290,2.219743,-0.034957,0.787812,2.220190,-0.053340,0.755723,2.214177,-0.071362,0.752017,2.200449,-0.026356,0.787838,2.200080,-0.043636,0.760945,2.192598,-0.061069,0.752033,2.181044,,,
96,3.200,-0.296358,0.977571,2.098601,-0.416239,0.978509,2.094970,-0.176476,0.976634,2.102231,-0.470429,0.586592,2.300633,-0.178664,0.531744,2.132257,-0.437334,0.191728,2.173156,-0.172174,0.125486,2.041840,-0.295529,1.094774,2.101533,-0.296627,1.308346,2.120271,-0.292622,1.548856,2.152485,-0.291651,1.645659,2.190297,-0.328858,1.497423,2.148570,-0.257984,1.496624,2.145754,-0.466545,1.441251,2.163345,-0.122020,1.436653,2.139627,-0.524412,1.163334,2.101670,-0.046543,1.156283,2.161534,-0.557339,0.882511,2.104711,-0.042328,0.910106,2.300600,-0.465832,0.065250,2.296756,-0.151048,0.041578,2.198683,,,,,,,,,,-0.540926,0.867220,2.115684,-0.511728,0.823524,2.106404,-0.497544,0.793340,2.093179,-0.532489,0.790012,2.095306,-0.515508,0.762305,2.077854,-0.498690,0.749216,2.061895,-0.549366,0.793492,2.076298,-0.532727,0.769608,2.049907,-0.518214,0.759904,2.030406,-0.563174,0.797767,2.060837,-0.548795,0.775656,2.034227,-0.535490,0.770236,2.016318,-0.573879,0.808401,2.045002,-0.560377,0.792590,2.019592,-0.547061,0.789305,2.001471,-0.058662,0.904100,2.318509,-0.092804,0.864006,2.327158,-0.105258,0.830485,2.324226,-0.070388,0.828765,2.343705,-0.090418,0.797827,2.342222,-0.110062,0.782986,2.332081,-0.054325,0.820487,2.325492,-0.073680,0.786688,2.320338,-0.092615,0.776334,2.305519,-0.041135,0.814960,2.309888,-0.058850,0.782701,2.302865,-0.075642,0.778718,2.287728,-0.030867,0.814717,2.290577,-0.047392,0.787636,2.282132,-0.063781,0.778483,2.269310,,,
97,3.233,-0.300601,0.980185,2.151115,-0.420503,0.980339,2.148080,-0.180700,0.980032,2.154150,-0.462167,0.580991,2.342035,-0.180253,0.534174,2.147628,-0.439296,0.165371,2.341550,-0.175764,0.131096,2.043842,-0.300561,1.097348,2.155421,-0.300282,1.310835,2.175145,-0.300657,1.551461,2.206735,-0.301912,1.648427,2.244116,-0.336033,1.499523,2.201752,-0.265100,1.499692,2.201343,-0.473778,1.442161,2.209959,-0.127515,1.443207,2.201370,-0.524607,1.169324,2.124131,-0.040501,1.168131,2.240686,-0.557169,0.889145,2.104273,-0.049517,0.936661,2.402861,-0.472666,0.076457,2.493428,-0.153564,0.047548,2.200727,,,,,,,,,,-0.541333,0.873743,2.115918,-0.509595,0.831771,2.107030,-0.492879,0.803015,2.093582,-0.527752,0.798362,2.091817,-0.508077,0.772387,2.074531,-0.489267,0.760900,2.059596,-0.542759,0.802493,2.071422,-0.522580,0.780919,2.045516,-0.505783,0.772976,2.027081,-0.555105,0.807292,2.054913,-0.537253,0.787439,2.028628,-0.522012,0.783632,2.011885,-0.564587,0.818562,2.038743,-0.547919,0.804883,2.013984,-0.532694,0.803225,1.997193,-0.067623,0.930922,2.419075,-0.101859,0.890465,2.425326,-0.113860,0.856772,2.422482,-0.080834,0.856237,2.445442,-0.100530,0.825219,2.442198,-0.118825,0.810124,2.430098,-0.062734,0.847686,2.429394,-0.081190,0.813619,2.422886,-0.098256,0.802782,2.406254,-0.047820,0.841913,2.415528,-0.064573,0.809401,2.407395,-0.079577,0.804975,2.390595,-0.035488,0.841241,2.397476,-0.051087,0.813894,2.388166,-0.066062,0.804349,2.373975,,,
98,3.267,-0.303873,0.974116,2.200674,-0.423744,0.970726,2.198406,-0.184003,0.977505,2.202941,-0.456794,0.576445,2.404033,-0.174061,0.532288,2.180242,-0.451334,0.171981,2.502229,-0.172890,0.138501,2.045356,-0.307282,1.091192,2.205894,-0.304198,1.304650,2.225681,-0.309833,1.545320,2.256422,-0.312885,1.642442,2.293295,-0.344113,1.492775,2.250280,-0.273228,1.494150,2.252553,-0.481420,1.433836,2.252380,-0.134268,1.441612,2.259635,-0.521195,1.166559,2.145747,-0.035121,1.174486,2.319613,-0.549986,0.888357,2.104153,-0.053390,0.957213,2.499667,-0.487565,0.122520,2.670535,-0.150697,0.052353,2.200830,,,,,,,,,,-0.535183,0.872712,2.116793,-0.501701,0.831778,2.109634,-0.482838,0.803978,2.097043,-0.517293,0.798799,2.091019,-0.495339,0.773943,2.074869,-0.474786,0.763444,2.061597,-0.530046,0.803611,2.069283,-0.506698,0.783583,2.044840,-0.487819,0.776770,2.028039,-0.540599,0.808957,2.051732,-0.519522,0.790678,2.026725,-0.502453,0.787926,2.011619,-0.548493,0.820801,2.035125,-0.528851,0.808592,2.011821,-0.511813,0.807988,1.996794,-0.073124,0.952099,2.514090,-0.107182,0.911324,2.519134,-0.119107,0.877521,2.517548,-0.088021,0.878968,2.543714,-0.107082,0.847646,2.539685,-0.123723,0.831788,2.526249,-0.068077,0.869837,2.530405,-0.085289,0.835141,2.523805,-0.100183,0.823091,2.505965,-0.051592,0.863542,2.518716,-0.067146,0.830440,2.510580,-0.080112,0.824927,2.492457,-0.037280,0.862005,2.502248,-0.051836,0.834066,2.493010,-0.065215,0.823605,2.477898,,,
99,3.300,-0.306868,0.962340,2.256040,-0.426608,0.955469,2.255353,-0.187126,0.969210,2.256727,-0.454341,0.574961,2.486171,-0.167742,0.525767,2.214120,-0.472394,0.189518,2.642284,-0.169710,0.144016,2.048212,-0.313608,1.079247,2.261776,-0.309160,1.292785,2.280413,-0.319337,1.533495,2.309635,-0.323650,1.630755,2.346015,-0.352623,1.480406,2.302747,-0.281868,1.482866,2.307163,-0.489628,1.420805,2.299772,-0.142698,1.432330,2.321234,-0.518417,1.159111,2.176985,-0.034894,1.174801,2.403944,-0.543520,0.884306,2.115279,-0.061195,0.969851,2.596984,-0.510510,0.180808,2.817090,-0.147271,0.054474,2.201721,,,,,,,,,,-0.529853,0.868098,2.128475,-0.495231,0.827926,2.122510,-0.474819,0.801055,2.110326,-0.508379,0.795922,2.100599,-0.484189,0.772816,2.085056,-0.462123,0.763796,2.073201,-0.518930,0.801850,2.077975,-0.492753,0.783901,2.054815,-0.472119,0.778553,2.039626,-0.527723,0.808090,2.059762,-0.503679,0.792002,2.035954,-0.485074,0.790635,2.022572,-0.534062,0.820788,2.043119,-0.511932,0.810354,2.021225,-0.493462,0.810932,2.007996,-0.082091,0.965557,2.609966,-0.115660,0.924482,2.615784,-0.127188,0.890511,2.616506,-0.098257,0.895151,2.645027,-0.116391,0.863176,2.641976,-0.131415,0.845832,2.628469,-0.076975,0.885381,2.634544,-0.092806,0.849755,2.629670,-0.105699,0.835727,2.611717,-0.059345,0.878485,2.625077,-0.073556,0.844431,2.618578,-0.084663,0.837021,2.599905,-0.043522,0.875812,2.610215,-0.056854,0.846830,2.602461,-0.068686,0.834712,2.587298,,,
100,3.333,-0.310746,0.947157,2.314984,-0.430396,0.938951,2.316440,-0.191096,0.955363,2.313529,-0.454786,0.578845,2.578282,-0.166670,0.515339,2.245591,-0.484620,0.203028,2.754733,-0.170644,0.147619,2.050579,-0.318679,1.063961,2.321275,-0.315287,1.277616,2.338759,-0.327437,1.518397,2.366611,-0.332412,1.615813,2.402483,-0.360274,1.465070,2.359408,-0.289623,1.467989,2.365038,-0.497332,1.405945,2.352290,-0.151056,1.417682,2.384750,-0.518323,1.148234,2.219873,-0.038257,1.169426,2.486875,-0.542328,0.877735,2.141075,-0.068552,0.973144,2.688161,-0.522512,0.228339,2.927966,-0.146955,0.056305,2.202852,,,,,,,,,,-0.529406,0.860860,2.154186,-0.494200,0.821204,2.148193,-0.472726,0.795071,2.136228,-0.505720,0.790432,2.123746,-0.479368,0.770518,2.107327,-0.456240,0.764102,2.095805,-0.514867,0.797581,2.100866,-0.486484,0.782742,2.078109,-0.464715,0.779548,2.063931,-0.522541,0.804802,2.082510,-0.496067,0.791807,2.059401,-0.476484,0.792348,2.047428,-0.527908,0.818391,2.066233,-0.504024,0.809844,2.045388,-0.484669,0.811626,2.033611,-0.090025,0.969062,2.700239,-0.122382,0.927252,2.707516,-0.132280,0.892879,2.710325,-0.105728,0.901112,2.740038,-0.122496,0.868295,2.738474,-0.136030,0.849370,2.725527,-0.083514,0.891406,2.731635,-0.097637,0.854849,2.728855,-0.108864,0.838912,2.711382,-0.065108,0.884495,2.723796,-0.077660,0.849488,2.719235,-0.087328,0.840200,2.700602,-0.048331,0.881280,2.710136,-0.060194,0.851254,2.704174,-0.070699,0.837457,2.689476,,,
101,3.367,-0.315696,0.933300,2.376344,-0.435332,0.925341,2.379423,-0.196060,0.941260,2.373265,-0.459363,0.568047,2.645123,-0.171025,0.506594,2.276977,-0.482550,0.191966,2.822008,-0.173180,0.153306,2.056870,-0.323302,1.050118,2.382771,-0.322013,1.263801,2.400200,-0.335215,1.504507,2.428220,-0.341135,1.601951,2.463872,-0.367787,1.451135,2.420206,-0.297282,1.454171,2.427380,-0.504366,1.391573,2.408798,-0.159187,1.404629,2.451788,-0.518968,1.134643,2.274027,-0.044719,1.162019,2.565019,-0.542460,0.868151,2.182456,-0.073275,0.969022,2.769707,-0.515460,0.213017,2.996822,-0.148945,0.055921,2.205245,,,,,,,,,,-0.529679,0.850655,2.194873,-0.494124,0.811566,2.187400,-0.472312,0.786254,2.174335,-0.505001,0.782109,2.161109,-0.477890,0.764310,2.143535,-0.454480,0.759503,2.131803,-0.513768,0.790443,2.138483,-0.484592,0.777763,2.115424,-0.462477,0.775991,2.101537,-0.521146,0.798611,2.120404,-0.493818,0.787687,2.097219,-0.473961,0.789399,2.085821,-0.526296,0.813035,2.104790,-0.501790,0.805855,2.084154,-0.482154,0.808437,2.073006,-0.095002,0.965151,2.781394,-0.126382,0.922995,2.790672,-0.135090,0.888539,2.795604,-0.110052,0.899741,2.825469,-0.125850,0.866411,2.825698,-0.138425,0.846244,2.813692,-0.087313,0.890146,2.818457,-0.100242,0.853049,2.817928,-0.110422,0.835559,2.801322,-0.068476,0.883262,2.811691,-0.079904,0.847666,2.809202,-0.088698,0.836841,2.790969,-0.051184,0.879601,2.798807,-0.062023,0.848887,2.794689,-0.071674,0.833772,2.780719,,,
102,3.400,-0.321657,0.921045,2.440430,-0.441411,0.915085,2.443467,-0.201904,0.927005,2.437393,-0.463019,0.549330,2.697610,-0.180629,0.500091,2.310410,-0.476125,0.166100,2.859556,-0.176021,0.161284,2.068642,-0.327371,1.038067,2.444779,-0.328562,1.251922,2.459959,-0.343793,1.492728,2.486024,-0.351589,1.590400,2.520675,-0.375846,1.439138,2.477389,-0.305601,1.442585,2.486637,-0.511295,1.377628,2.463192,-0.167696,1.394950,2.515502,-0.523043,1.117974,2.333454,-0.052699,1.153364,2.630376,-0.546673,0.852247,2.239721,-0.073591,0.957062,2.832834,-0.499877,0.149586,3.036330,-0.150813,0.051649,2.208037,,,,,,,,,,-0.533828,0.834001,2.250933,-0.499500,0.794482,2.240546,-0.478954,0.769338,2.225289,-0.512064,0.766334,2.213582,-0.486076,0.748791,2.194153,-0.463277,0.744042,2.181251,-0.521505,0.775747,2.191661,-0.493521,0.763286,2.167058,-0.471986,0.761534,2.152285,-0.529387,0.784784,2.174220,-0.503192,0.774203,2.149610,-0.483740,0.775932,2.137537,-0.534802,0.799925,2.159394,-0.511165,0.792915,2.137712,-0.491846,0.795415,2.126005,-0.095273,0.953296,2.844638,-0.125773,0.910972,2.855879,-0.133332,0.876513,2.862423,-0.109078,0.889802,2.891814,-0.123990,0.856153,2.894252,-0.136071,0.834940,2.883621,-0.086112,0.880371,2.885340,-0.098079,0.842986,2.886999,-0.107799,0.824291,2.871465,-0.067106,0.873576,2.878969,-0.077525,0.837588,2.878544,-0.085975,0.825489,2.860961,-0.049691,0.869667,2.866326,-0.059443,0.838413,2.863892,-0.068506,0.822246,2.850729,,,
103,3.433,-0.328780,0.911116,2.507695,-0.448627,0.906548,2.508800,-0.208932,0.915685,2.506589,-0.465536,0.531968,2.750123,-0.191371,0.500784,2.344164,-0.471477,0.139522,2.888739,-0.175344,0.175015,2.085550,-0.333217,1.028239,2.510574,-0.336928,1.242335,2.521294,-0.353073,1.483714,2.540637,-0.363428,1.581966,2.572898,-0.384830,1.429869,2.532512,-0.314873,1.433662,2.543621,-0.519490,1.367006,2.516817,-0.177325,1.387391,2.576174,-0.533320,1.102481,2.397550,-0.064819,1.142379,2.686153,-0.559191,0.833542,2.314136,-0.076623,0.937568,2.880764,-0.494049,0.081854,3.056819,-0.148839,0.043874,2.204653,,,,,,,,,,-0.546261,0.814777,2.324349,-0.513902,0.774344,2.311465,-0.495365,0.748899,2.294256,-0.528983,0.746919,2.285052,-0.504797,0.728909,2.263808,-0.483008,0.723675,2.249432,-0.539456,0.756878,2.263853,-0.513316,0.743860,2.237566,-0.492725,0.741630,2.221561,-0.548108,0.766360,2.247023,-0.523736,0.755309,2.220799,-0.504987,0.756600,2.207612,-0.553946,0.781835,2.232712,-0.531742,0.774226,2.209754,-0.513010,0.776167,2.197034,-0.098272,0.933933,2.892669,-0.128616,0.891707,2.904678,-0.135264,0.857163,2.911741,-0.111788,0.871200,2.940935,-0.126096,0.837502,2.945436,-0.138031,0.815567,2.936193,-0.088804,0.861735,2.934579,-0.100278,0.824314,2.937992,-0.109937,0.804831,2.923418,-0.069787,0.854893,2.928288,-0.079535,0.818732,2.929392,-0.087880,0.805779,2.912377,-0.052382,0.850827,2.915681,-0.061301,0.819267,2.914199,-0.069958,0.802530,2.901482,,,
104,3.467,-0.338517,0.904981,2.571959,-0.458403,0.901595,2.570783,-0.218630,0.908367,2.573136,-0.479434,0.531244,2.818231,-0.193061,0.492605,2.414011,-0.476976,0.125858,2.912677,-0.171617,0.192998,2.125845,-0.341841,1.022166,2.573487,-0.348672,1.236322,2.580971,-0.362566,1.478286,2.593601,-0.374981,1.577163,2.623107,-0.394778,1.424557,2.586571,-0.324914,1.427957,2.598372,-0.529644,1.362072,2.571142,-0.188049,1.380909,2.632646,-0.551965,1.092888,2.464223,-0.081446,1.128000,2.729890,-0.584594,0.819950,2.397923,-0.084284,0.910403,2.910455,-0.500412,0.038157,3.067096,-0.144431,0.033884,2.203497,,,,,,,,,,-0.571602,0.801464,2.408559,-0.540082,0.760122,2.396506,-0.522561,0.733872,2.379444,-0.556207,0.731813,2.371690,-0.532783,0.712930,2.350351,-0.511486,0.707050,2.335496,-0.567149,0.741013,2.350385,-0.541765,0.726723,2.324019,-0.521591,0.723671,2.307624,-0.576156,0.749894,2.333415,-0.552542,0.737516,2.307091,-0.534113,0.738056,2.293409,-0.582211,0.764832,2.318631,-0.560440,0.755744,2.295797,-0.541868,0.756726,2.282735,-0.105939,0.907058,2.922433,-0.137151,0.865329,2.933944,-0.144841,0.830905,2.940522,-0.120577,0.843864,2.969760,-0.135211,0.810408,2.974972,-0.147608,0.788509,2.966269,-0.097848,0.833993,2.963111,-0.109846,0.796771,2.966874,-0.120012,0.777308,2.952621,-0.079026,0.826833,2.956594,-0.089189,0.790792,2.957886,-0.097870,0.777887,2.941004,-0.061790,0.822586,2.943816,-0.071017,0.791124,2.942132,-0.079910,0.774509,2.929417,,,
105,3.500,-0.349751,0.902306,2.633110,-0.469623,0.899535,2.630188,-0.229879,0.905078,2.636032,-0.499941,0.542593,2.895717,-0.181884,0.475491,2.526561,-0.484252,0.127136,2.916049,-0.163234,0.218836,2.199385,-0.352465,1.019517,2.633295,-0.359946,1.233704,2.639075,-0.373882,1.475832,2.647963,-0.387598,1.575044,2.675718,-0.406093,1.421992,2.641831,-0.336208,1.425593,2.653445,-0.540757,1.358453,2.629183,-0.199284,1.378477,2.687389,-0.572074,1.084934,2.536467,-0.094559,1.117691,2.763593,-0.609337,0.808024,2.493026,-0.084644,0.885050,2.924031,-0.510305,0.039717,3.070209,-0.144797,0.040848,2.207565,,,,,,,,,,-0.596333,0.790636,2.505363,-0.565319,0.747964,2.497282,-0.548809,0.720102,2.481848,-0.582033,0.717359,2.475806,-0.559303,0.696155,2.455947,-0.538432,0.688535,2.441279,-0.593218,0.724374,2.453807,-0.568314,0.707187,2.428743,-0.548400,0.702262,2.412488,-0.602406,0.731508,2.436124,-0.579389,0.716086,2.410903,-0.561198,0.714915,2.396945,-0.608563,0.744869,2.419939,-0.586882,0.732957,2.398352,-0.568305,0.732168,2.385285,-0.105967,0.881076,2.936406,-0.136903,0.838793,2.946562,-0.145016,0.804210,2.951616,-0.119381,0.815481,2.980735,-0.133717,0.781756,2.984936,-0.146304,0.760191,2.975692,-0.096854,0.805979,2.972956,-0.108562,0.768568,2.975597,-0.119097,0.749581,2.960975,-0.078226,0.799175,2.965559,-0.088262,0.763076,2.965466,-0.097399,0.750916,2.948273,-0.061351,0.795608,2.952108,-0.070558,0.764236,2.949137,-0.079765,0.748203,2.935909,,,
